0.12861
-0.0434432
-0.0256167
0.050267
0.0102237
0.0303302
-0.035703
-0.00869212
0.174543
0.16936
-0.0376832
-0.00125741
0.0329795
-0.0197817
0.0449124
-0.0304402
-0.00399428
0.186546
-0.03767
-0.0435952
-0.0362233
0.049516
0.0494255
0.00828161
-0.0663791
-0.0415617
-0.0386186
-0.0063935
-0.0364454
-0.0240877
0.0543374
0.0388936
0.0582635
-0.0343408
-0.0246118
-0.0229807
0.0883094
-0.0259398
0.0235938
0.0118662
-0.00720394
0.0359266
-0.0175019
0.000914587
0.122441
0.0796233
-0.0160025
0.0228196
0.0643989
0.0185934
0.0457103
0.0196748
0.0292643
0.107835
-0.0155278
-0.0372804
-0.00649019
0.0216455
0.0342603
0.0491324
-0.0238347
-0.00391746
-0.00838892
-0.01907
-0.0302076
-0.0318787
0.0332234
0.0559322
0.0514514
-0.00409767
0.00172875
0.0135271
0.0416201
-0.0108467
0.0184003
0.0600834
-0.0117086
0.046714
0.0278406
0.044776
0.0699351
0.0521453
-0.0132483
0.00200229
0.00305847
-0.028436
0.00978935
0.000989739
0.0293537
0.073527
-0.0289996
-0.0146317
-0.0099009
0.038808
0.0409868
0.0465285
0.0280547
0.0543106
-8.56334e-05
-0.0351916
-0.0232479
-0.00577875
0.0129666
0.0201169
0.0195634
-0.000177779
0.0349357
-0.0197891
0.0339487
0.00211835
-0.00888651
0.00381495
-0.0207903
0.0147654
0.00719412
0.0190205
0.0584553
0.0159485
-0.0276487
-0.0465959
-0.0220628
-0.0396405
0.0136771
-0.00986335
-0.0076538
0.0522908
-0.0340411
0.00891175
0.0083372
0.00719183
0.0333216
0.0238532
0.0258605
0.0381965
-0.0312409
-0.0395273
-0.0230145
-0.0339627
-0.0309908
0.00057406
-0.00744211
0.0104917
0.0040632
-0.0490072
0.0199538
-0.0128644
-0.0253443
0.0111813
0.00579666
0.0431567
0.0433126
0.0294421
0.0385894
0.0353795
-0.0320809
-0.0357336
0.00344578
0.0111174
0.0299214
0.00834191
-0.0368303
0.0399338
-0.038227
0.00836812
-0.0093663
-0.00217639
0.0484561
0.022656
0.0244933
0.043539
-0.0432704
-0.0506444
-0.00175564
-0.0359769
-0.0250482
0.051724
0.0336965
0.0151872
0.00931022
-0.0616132
0.0445114
-0.0137744
-0.0130856
0.0375343
-0.0122027
0.0348307
0.00923672
-0.0067304
0.0570642
0.0448283
-0.0382511
-0.0280185
0.0341775
-0.0420026
-0.00905796
-0.0438538
-0.0265016
0.0532947
-0.0123469
0.0362451
-0.0333301
0.00872926
0.0405643
0.0302562
0.00745936
0.0491497
-0.0514996
-0.0278261
0.0317163
-0.0228198
0.0112444
0.0305698
-0.00626512
-0.0445028
0.0200235
-0.0466967
0.0165983
-0.0292307
-0.0121917
0.0550241
-0.0239052
0.000228153
-0.0285686
0.00905933
0.0488032
0.0060154
-0.0458797
-0.0209433
0.033141
-0.0237826
-0.00855946
-0.051947
-0.0119148
0.0450061
-0.0121752
0.00759011
-0.00926075
0.0407759
0.0703963
0.0213538
-0.026933
0.0427353
-0.0248332
-0.0322713
-0.00401204
0.00035259
0.018899
0.0412081
0.0174443
-0.0323729
0.00906774
-0.0287256
0.0397994
-0.00206325
0.00242913
0.0329676
-0.0118042
0.00713714
-0.0459917
-0.0170259
0.0712713
0.0556968
-0.0264058
-0.0387423
0.00180289
-0.026473
0.00351813
-0.0362101
-0.0439711
0.0630851
-0.00925217
0.0298116
0.0270563
0.0380406
0.0331984
0.0186029
0.00976825
0.062575
0.00892446
-0.0137486
0.00406424
-0.0180475
-0.0209686
0.00640866
-0.00304665
0.0112467
0.0250855
-0.0203988
0.0468761
-0.00552054
-0.00645364
0.021018
-0.0127006
0.0291772
-0.010035
-0.0394961
0.0427584
0.0757267
0.0184292
-0.0196369
0.0170831
-0.0334399
0.0180834
-0.0187577
-0.0459322
0.0551155
-0.0189351
0.0260744
0.00248626
-0.0110654
0.0264203
0.0121451
0.0220327
0.0279912
-0.0311507
-0.0537654
0.0438695
0.00953959
0.0201839
0.0308824
0.011116
-0.0148237
-0.00277175
-0.0668233
0.0819777
-0.0191766
-0.0374785
0.0203066
-0.0545875
-0.00675875
-0.0333299
-0.0382443
0.0655073
0.0907025
-0.0559711
-0.0685154
-0.0201931
-0.0307654
0.0151903
-0.0269412
-0.0281616
0.0707363
-0.0449909
0.0303669
0.0108396
0.0555164
0.00754525
-0.0109704
-0.011433
0.0108928
-0.0530885
-0.0344913
0.00386804
-0.009563
0.032504
0.0189838
-0.00537946
-0.00897619
0.0139833
-0.0378362
0.0545697
-0.0659503
-0.0437177
0.0352264
-0.000900908
0.0118523
-0.0217454
-0.0304556
0.0457176
0.0846413
-0.0653845
-0.0119584
0.0540349
-0.0131126
0.00490429
-0.0169742
-0.0599037
0.0629048
-0.0556525
-0.0104785
0.0127083
0.0393753
0.0497923
0.0124668
0.00767139
0.0320067
-0.0552878
-0.0524563
-0.00595063
0.0249211
0.0559081
0.0336254
0.00594743
-0.00966529
0.0107488
-0.0594121
0.0441519
-0.060212
-0.0202433
0.0591634
-0.0138553
0.0242696
-0.00292192
-0.03277
0.0791932
0.0757979
-0.0585592
-0.0233337
0.0162085
-0.030965
0.0319868
-0.000337473
-0.0338174
0.110464
-0.0334092
0.00294596
0.0263983
0.0529272
0.0389379
0.0140964
0.0122508
-0.00017946
-0.0286807
-0.0626346
-0.0274275
0.0192036
0.0119568
0.0205483
0.0105268
-0.0035269
-0.0214837
-0.0607915
0.0941124
-0.0320895
0.0125693
0.0327851
-0.027856
0.0328815
0.00989486
-0.0280858
0.113384
0.130307
-0.0431595
0.0107918
0.0259276
-0.0111392
-0.0346341
-0.000423012
-0.0509691
0.116473
-0.0449698
-0.00279805
0.0290147
0.0312041
0.0360638
0.0379339
0.0267769
0.0192822
-0.0555549
-0.0453106
-0.00724721
0.0304121
0.0199134
0.0262077
-0.00303962
0.0360661
0.0110548
-0.0633609
0.162717
-0.0169412
0.0167497
0.0315004
-0.0163762
-0.0199846
-0.0270097
-0.0317431
0.161686
0.204217
-0.0488184
-0.00679252
0.0038005
-0.0312298
-0.0236437
-0.0574898
-0.079486
0.191363
-0.0672155
0.00164089
0.0471605
0.0190577
0.0349253
0.0104019
0.00769098
0.00724634
-0.0463528
-0.0855548
-0.0439356
0.00439113
-0.00515403
-0.00309304
-0.00673936
-0.0300274
-0.0328846
-0.0562187
0.293308
-0.028956
-0.0266826
-0.0322184
-0.0725884
-0.0371287
-0.0510755
-0.0540676
0.265604
0.318737
-0.0552016
-0.0213187
-0.00549913
-0.0615487
-0.0126522
-0.0239759
-0.0566443
0.295502
-0.0692302
-0.0500602
-0.0212446
-0.0200417
-0.0347799
-0.0169573
-0.0192153
-0.0277659
-0.0539408
-0.0737124
-0.0410914
-0.00837147
0.0119911
-0.000275932
-0.000165926
-0.0109916
-0.0355872
-0.0881236
0.0207774
-0.00647392
-0.0159054
0.0439165
0.0605137
0.0212947
-0.0466309
-0.0297694
-0.0081725
0.039887
-0.00427442
0.00187219
0.0480843
0.039191
0.0645587
0.000921364
-0.0142636
0.0230159
0.0115733
-0.0498933
-0.0300627
0.0168394
0.0264621
0.022879
-0.0305758
-0.0160175
0.0127694
0.0501317
-0.0190617
0.00316184
0.00564775
0.0360322
0.00764778
-0.0341083
-0.0386119
0.0464583
0.0333325
-0.0100264
-0.00629569
0.00943776
0.0167141
0.0383134
-0.0155767
-0.00791924
0.0308519
0.0308115
-0.0123957
-0.0369823
-0.00274404
0.0270271
0.0275151
0.00538812
0.00151942
0.0398454
0.0256544
-0.02245
0.0202089
0.0115119
0.0228265
0.0213557
-0.0278247
-0.0586776
0.0265926
0.0791178
-0.00233222
0.0148969
-0.00954746
-0.00280795
0.0054767
-0.0369401
-0.0613613
0.0415831
-0.0162202
-0.0217222
-0.0227048
0.0174031
0.0246066
0.0263872
0.0244156
0.00770287
0.00593133
-0.00376519
-0.0194084
-0.00419001
0.0162042
-0.00084004
0.0128963
0.0145278
0.023596
-0.00159381
0.0287819
-0.0154134
0.0106394
0.00870314
0.0026626
0.01529
-0.00792537
0.00470454
0.0327626
-0.00860829
0.000416102
0.0274867
0.0368238
0.0108022
0.00143899
0.0179224
0.0329675
0.0216104
-0.0221505
-0.00516037
0.00194779
-0.00573316
-0.00317562
-0.00748945
0.0112991
0.0102567
-0.0311245
-0.00543844
0.0248513
-0.0192131
-0.0782344
-0.0422709
-0.0358765
-0.0331431
-0.0352424
-0.0622428
-0.0384597
0.0547225
0.0985557
0.0399903
-0.00198932
-0.0262653
0.0160055
0.015994
-0.0342076
0.00950353
0.117379
0.0819451
-0.0371236
-0.0459957
-0.0714995
-0.0525285
-0.0562111
-0.0622476
0.0462557
0.059525
-0.0102664
-0.0552637
-0.0203783
-0.0177748
-0.0207163
-5.66869e-05
-0.0356316
0.0254609
0.0188589
-0.0710332
-0.0883274
-0.047841
-0.0209699
-0.0422609
0.0111311
-0.02715
0.0718315
0.134637
0.0137336
-0.0517393
-0.0233923
-0.024228
-0.0311816
-0.0176455
-0.0287819
0.049911
0.0858667
-0.0446604
-0.0608501
-0.0425686
-0.0188949
-0.0226115
-0.00265355
-0.0116983
0.0212359
0.0452779
-0.068846
-0.0470364
-0.0144597
-0.00267887
-0.0135541
0.0400376
0.0207658
0.00137943
0.0144012
-0.07008
-0.0472004
-0.0149581
-0.0424806
-0.0487314
0.00709055
-0.00179973
0.0378202
0.0735732
-0.0317645
-0.0433567
-0.0407823
0.00402649
-0.00527045
0.0279566
0.00582494
0.00830881
0.0322781
-0.0387624
-0.0418923
-0.0354312
-0.0596336
-0.0217537
-0.0128821
-0.00143051
-0.00963475
0.0188901
-0.0282071
0.00468289
0.0248018
-0.0147302
-0.0390754
0.0114029
-0.0123463
-0.0288403
0.00168512
-0.00871557
-0.00329662
-3.88674e-05
-0.0117441
-0.0231354
-0.0107981
-0.0376201
0.0113057
0.0668299
-0.0161871
-0.0173834
-0.00124999
-0.0125278
0.00161628
-0.00990319
-0.00467853
0.000917232
0.0342062
-0.00631221
-0.0299457
-0.00265434
-0.00117076
-0.00575369
-0.013247
-0.0160787
0.00405949
0.00469097
-0.00669487
-0.00780819
-0.0283785
-0.0115966
-0.00419102
0.00864448
-0.00448029
0.000437313
-0.0091603
-0.0434053
-0.0506959
-0.0323399
-0.0193904
-0.00481071
-0.00182747
-0.0124442
0.0405629
0.0410162
-0.012494
-0.0181498
-0.0163846
0.0180444
-0.00669818
0.00494833
-0.00246701
0.0320827
0.0307325
-0.0225259
-0.000916702
0.0127176
0.0332054
0.000433609
-0.00490674
0.0434389
-0.0353033
-0.00745187
-0.0348404
-0.0380845
-0.000707737
0.00149889
-0.0252883
0.00124326
-0.0318595
-0.0425185
0.0143051
-0.0386645
-0.00582763
0.0308364
-0.00516135
-0.0457455
-0.0291214
-0.0624255
0.0152419
0.0280919
-0.0317694
0.00627365
0.0366678
0.0445056
0.00305623
0.000111106
0.0052928
0.0136925
0.00340471
-0.0240178
0.0356
0.0546192
0.0393065
-0.0170978
-0.0008602
-0.0378862
-0.0329869
0.0126238
-0.0336715
0.00844588
-0.00557382
-0.0266483
-0.0214433
-0.010059
-0.0617367
-0.0147019
8.14375e-05
-0.0213701
-0.00283829
-0.0117689
-0.0283915
-0.0187387
-0.0174716
-0.0276148
0.00772281
0.0263725
-0.0229977
0.02543
0.0183089
0.0190749
-0.0215138
-0.0326785
-0.0484005
0.00984006
0.0127604
-0.0052309
0.0144956
0.0316384
-0.0268651
-0.0408304
-0.0328325
-0.0113405
-0.0520944
-0.014264
-0.018493
-0.00903573
-0.00193884
-0.00389804
-0.0101247
0.00699846
-0.0473843
-0.0470294
-0.0332169
-0.0199954
0.033368
-0.0117773
-0.0191513
-0.0394901
-0.0146144
-0.0395537
-0.0149505
-0.0151177
0.0224514
0.0357788
0.0349385
-0.00672664
-0.0160894
0.00931153
-0.0139003
-0.015285
-0.0121812
-0.0105008
0.0452589
0.056983
-0.00527679
-0.0315393
-0.0260259
-0.0082439
-0.0185959
-0.0240287
-0.00957825
0.0250932
-0.0104559
-0.026401
-0.0298859
-0.0118666
-0.0223995
-0.0257545
-0.0188514
-0.00634422
-0.0210255
-0.0437179
-0.0430241
-0.0243809
-0.00806488
-0.044495
0.0328087
0.0180365
-0.00501639
0.0190871
0.0307115
0.00252004
-0.0321481
-0.0235196
-0.00184421
0.023738
0.00301715
0.0181675
-0.0106231
-0.00897177
0.00482921
0.0184394
0.0223931
-0.00689359
-0.0566605
-0.0115774
0.0123637
-0.000686955
-0.0327343
-0.00128528
0.0209714
0.0353091
-0.0512523
-0.0570053
-0.0426951
-0.0114066
-0.0335607
-0.0381135
-0.00762209
0.0106085
-0.00674844
-0.0551407
-0.0078555
0.0287406
0.0492749
0.034732
0.00449138
0.0520761
0.0513666
0.0554615
-0.0245449
-0.026933
0.00639188
0.00528927
0.00945544
0.0256173
0.0488622
0.0517558
0.0428176
-0.0326389
-0.0282176
-0.0348703
0.0016891
-0.0134919
0.00522385
0.0341499
0.0516162
0.016247
0.00291096
-0.0541596
-0.0523809
-0.0317102
-0.0474336
-0.0471287
-0.0193558
-0.0204102
-0.0273815
-0.0100213
-0.0215202
-0.0154741
0.00786917
0.0246797
0.0625268
0.0761902
0.0860892
0.0419839
-0.00303214
-0.0618584
-0.0702025
-0.0519393
-0.0406971
0.0151549
0.0128942
-0.00245012
-0.0220242
-0.0341314
-0.00257843
-0.0188286
-0.00595876
0.00139083
-0.0212965
0.00426814
-0.00347178
-0.0143665
0.0326018
-0.0458487
-0.0193701
0.0109942
0.0449384
0.0017297
0.00527178
-0.0157931
-0.0186738
-0.023327
-0.000853812
-0.0238938
-0.0246312
-0.0120865
-0.0238633
0.00313065
0.000835988
-0.0176307
0.0113883
-0.0433822
-0.0267646
0.0097588
0.0258797
-0.0111649
-0.00735844
-0.00489185
-0.0369812
-0.0435476
0.00964355
-0.0453556
-0.0118341
0.0394395
0.0275126
0.0110631
-0.0341967
-0.012738
0.0179684
0.0567196
-0.0151478
0.00974109
0.0570833
0.0296769
0.010232
-0.0584775
-0.0327987
0.0540457
0.0372245
-0.0298237
-0.0321016
0.00362955
0.0338535
0.00121093
-0.0361314
-0.0293483
0.050437
0.0523981
-0.0357077
-0.00757175
0.0613439
0.0295212
0.0298969
-0.0490822
-0.0310927
0.0723333
-0.0124245
-0.0244258
0.00292874
0.0279972
-0.0240161
-0.0507825
-0.0847104
-0.0949107
-0.0368543
0.0672538
0.0691876
0.0420239
0.0414811
-0.0357803
-0.0353997
-0.0406518
-0.0513552
-0.00512609
-0.00263578
0.0273282
0.0952524
0.145844
0.0576368
0.00154503
-0.053279
-0.0904652
-0.0343434
0.0957269
0.166017
0.177586
0.169335
0.0681367
0.0277408
-0.000695654
-0.0102549
0.0428423
0.0500818
0.0212705
0.00880488
-0.0345039
-0.0758161
-0.0462331
-0.0322309
0.0178527
0.0441346
-0.0128816
0.0114191
0.0571949
0.00640257
-0.0905345
-0.0591861
-0.0154467
0.0454392
0.0201826
0.0850124
0.106695
0.0633082
0.0289486
-0.0251037
-0.0192607
0.041945
0.0892229
0.0928164
0.0240848
0.0802666
0.0926212
0.0550855
-0.0350635
-0.0192835
0.0822257
0.105963
0.0609745
-0.0297223
0.155636
0.208209
0.0996571
-0.0404235
-0.0568556
-0.021824
0.0115716
-0.0587195
-0.000732983
0.146659
0.129515
-0.00366657
-0.101519
-0.112388
-0.0875486
-0.0707198
-0.113313
-0.0381085
0.160896
0.221057
0.143295
-0.0142191
0.000363797
0.0584232
0.0581385
-0.0524166
-0.0795675
0.0599448
0.112939
0.0113584
-0.109251
-0.0649665
-0.0443622
-0.067156
-0.151792
0.0810886
0.183709
0.0901248
0.00680308
-0.0188949
-0.0197357
-0.0123541
0.0114508
-0.0331561
0.0598522
0.105785
-0.0262453
-0.0590839
-0.0807432
-0.0322846
-0.0077766
0.00505924
0.000890338
0.000863497
0.0794374
0.0475588
-0.0352541
-0.0824359
-0.00581072
0.00901093
0.00715215
-0.0695605
-0.00208681
0.00579275
-0.0484879
-0.0936143
-0.124699
-0.0595089
-0.0258104
-0.0300622
-0.0375631
0.0685751
0.108327
-0.000503026
-0.0567894
-0.0801721
-0.0262
0.000309623
0.0490875
0.0545343
0.0647588
0.0909659
-0.0103549
-0.0689994
-0.0722443
-0.0351037
0.0156414
0.0661668
0.0338388
0.00214776
0.0331379
-0.0485783
-0.0695038
-0.102384
-0.0564599
-0.0390341
-0.00654683
-0.0271975
-0.0144106
-0.00615705
-0.0645201
-0.0852804
-0.0641281
-0.0381123
-0.00782325
0.0215282
-0.022588
0.0478963
0.106778
0.0103948
-0.0369454
-0.0507713
0.00497139
0.0277243
0.0415568
0.0361481
0.0625338
0.0747628
-0.0126615
-0.0570158
-0.0276311
0.00792407
0.0213663
0.0419885
0.00937941
-0.0436351
0.00517024
-0.0438135
-0.0389444
-0.040918
0.00659176
-0.00267682
-0.00204487
-0.0616777
-0.0340725
-0.0110372
-0.0481576
-0.0615901
-0.0158871
0.00312771
-0.0359148
-0.0124654
-0.0488768
0.0853101
0.0764498
-0.0025935
-0.0366081
-0.0212667
0.0229877
-0.016109
0.0514957
0.0645228
0.0579169
0.047186
-0.0116575
-0.0290918
0.018631
0.0345038
-0.00842891
0.0500798
0.0627379
-0.0203355
0.0129139
-0.0307538
-0.0397851
-0.0170199
0.0193657
-0.0379619
-0.00465525
-0.0586785
-0.0484319
-0.038509
-0.0485181
-0.0587054
0.0030346
-0.0107747
-0.0416662
-0.0218294
-0.0427439
0.051954
0.0478888
-0.037197
-0.0216175
-0.00316559
0.0439347
-0.000761041
0.0634451
0.0465694
0.0529603
0.0285488
-0.0583635
-0.0269899
0.000226062
0.0226931
0.000682812
0.0599773
0.0225757
-0.0357086
-0.0108976
-0.0531067
-0.0684457
-0.0377566
-0.0155902
-0.0388131
-0.00760395
-0.02872
0.0140818
0.000681821
-0.0547416
-0.0577007
-0.0374695
-0.0355299
-0.0683834
-0.0145714
-0.00230364
0.0324999
0.0374127
-0.0323826
-0.028559
-0.0499727
-0.0273946
-0.0147833
0.0222933
0.0186557
0.0473312
0.0578214
-0.0153451
-0.04833
-0.0334945
-0.0614537
-0.0531023
-0.00133898
0.0270002
0.049292
0.0250634
-0.0449023
-0.0714967
-0.0759949
-0.074996
-0.0730971
-0.0133595
-0.00185344
0.0890878
0.0823675
-0.0115336
-0.0868346
-0.0829868
-0.0902306
-0.0719119
0.00766094
0.0668376
-0.00925236
0.0277082
-0.00518591
-0.0402351
-0.0311797
-0.0512929
-0.0551801
0.0141406
0.0100114
0.00525756
0.0179194
-0.0338377
-0.0122776
-0.01153
-0.0381167
-0.0458403
0.0140835
0.00254783
0.0581379
0.0905906
-0.0385049
-0.0852097
-0.0809047
-0.0896075
-0.0672091
-0.00758938
0.0291634
0.0592239
0.0537676
-0.058623
-0.0514251
-0.0515749
-0.0747309
-0.0560215
-0.0113189
0.043446
0.0158687
0.00185382
-0.0277897
-0.0231997
-0.0492356
-0.0499816
-0.0624813
-0.0225244
-0.00552183
0.0338402
-0.00744145
-0.00960114
-0.0272494
-0.0442844
-0.0491479
-0.0462818
0.00261011
0.0192657
0.0622123
0.0256827
-0.0462341
-0.0575822
-0.0840334
-0.0861535
-0.0802009
-0.00782423
0.0492452
0.10328
0.0604212
-0.00855067
-0.0244801
-0.0430006
-0.0602358
-0.0405649
0.030814
0.0992414
-0.0245487
0.0342828
0.0172467
-0.000586505
-0.0440632
-0.000525217
-0.00489598
0.0221007
-0.0477661
-0.0663593
-0.00851172
-0.0109152
-0.017951
0.00666529
-0.0221056
-0.00483623
0.00691074
-0.0911612
0.0684085
0.108842
0.0473087
0.0408591
-0.0291899
-0.00820952
-0.00219888
0.0481946
0.06273
0.0354718
0.0821176
0.0690233
0.0458324
0.0513995
0.025774
0.019807
0.0601105
0.000341599
-0.0458266
-0.00471648
0.0137817
0.0469523
0.0916396
0.0871697
0.06151
0.0104558
-0.0334984
-0.0860791
-0.086438
-0.0672192
-0.0622318
-0.00100871
0.0057529
-0.0172487
-0.0762711
-0.0820168
0.0177273
0.0623829
0.0656331
0.0866958
0.120421
0.106312
0.0782461
0.058832
0.01284
-0.0833199
-0.0827136
-0.0576657
-0.0572285
0.029679
0.0157768
-0.00842593
-0.0749283
-0.0558209
-0.00907318
-0.0191758
-0.00614933
0.00360015
-0.00450537
0.022008
0.00712683
-0.00797427
-0.00666762
-0.0512501
-0.0221126
0.0251025
0.01471
0.00633872
0.0175386
0.0324349
-0.00669081
-0.0454163
0.00148552
-0.0315281
-0.0264734
-0.015395
0.00186648
0.0323588
0.0313654
-0.00262072
0.0124079
-0.0165277
-0.0406766
0.00897475
-0.0184787
-0.0230683
0.0195495
0.0281086
0.00666526
-0.0210967
0.0505093
-0.0396233
-0.0566147
0.00517074
0.0153457
-0.00983637
-0.0644867
-0.0562184
0.0470729
0.0547563
-0.0627814
-0.0232951
0.0831977
0.0587302
0.0578605
-0.0301986
-0.0379827
0.0603642
0.051939
-0.0368373
-0.0600263
0.00320586
0.0216122
0.0118054
-0.048041
-0.032279
0.0372846
0.0672509
-0.0384784
-0.0445436
0.066577
0.0614261
0.0800269
-0.00595526
-0.0205194
0.0477323
-0.0795805
-0.0594841
0.0429173
0.115879
0.0553078
0.0428728
-0.0201026
-0.0937696
-0.0955482
-0.0225869
0.0984482
0.135886
0.132571
0.0648232
0.0785109
0.0318383
-0.0261031
-0.0550958
-0.0725925
-0.0797519
-0.0242588
0.0598396
0.0693949
0.128233
0.0782162
-0.0291197
-0.0762799
-0.0251726
-0.00346806
0.0216076
0.0657903
0.0592948
0.154053
0.13129
0.0905172
-0.00882244
0.00509029
0.0920976
0.0572396
0.0264478
-0.0357737
0.0142195
0.0428594
0.0532985
0.00833021
-0.0432777
0.0579052
0.0766885
0.019355
-0.0106892
0.0184534
0.0833155
0.0767091
-0.029147
0.0391392
0.0713339
0.0236572
-0.0176584
-0.0422295
0.0452797
0.0482967
0.0906454
0.0251155
-0.00678918
0.0986136
0.104445
0.0221286
0.0135575
0.0431596
0.0845243
0.0395786
-0.0332248
-0.11557
0.0910401
0.167209
0.129568
0.0580795
0.0917461
0.123829
0.0602687
-0.0914162
-0.185834
-0.0254743
0.0284587
-0.00508681
-0.0431132
-0.0043046
0.00800929
-0.0439583
-0.193464
-0.0846546
0.0862881
0.114955
0.0696667
0.0796849
0.162416
0.193688
0.0892233
-0.100888
-0.169486
-0.0306354
0.0224225
-0.0279656
-0.025689
0.020633
0.0335932
-0.0286375
-0.174074
-0.0463341
0.0431778
0.0492776
0.00872495
-0.0240487
0.0411713
0.0437247
0.0376187
-0.0677973
-0.0472635
-0.0246307
-0.0321797
-0.0660963
-0.0775942
-0.0294579
-0.0135725
-0.00764245
-0.0478918
-0.0627292
0.0283693
0.0612818
0.0144038
-0.00993154
0.0154302
0.052612
0.0542486
-0.0542977
-0.0434438
-0.0268778
-0.021925
-0.0551977
-0.0579349
-0.0370646
-0.0103157
-0.0017517
-0.045742
-0.0478911
-0.00460694
-0.0074112
-0.0339509
-0.041428
-0.00791302
-0.00521173
-0.000392897
-0.0338977
-0.0730362
-0.00612902
-0.0104312
-0.00807985
0.00337981
0.00901316
-0.00178011
0.00488392
-0.0637925
-0.0158719
0.00760054
-0.00897863
-0.0385429
-0.0280337
-0.0164699
0.011397
-0.0034209
-0.0298831
-0.0413371
0.00906538
0.00732462
0.00327975
0.0016026
-0.0175592
-0.018856
0.00267129
-0.0401477
-0.0984102
0.0114087
0.01233
0.0382781
0.040273
0.0453156
0.0177899
0.00299736
-0.0977689
-0.102868
-0.0184233
-0.000587499
0.0303749
0.0748103
0.0688984
0.0130602
-0.0214011
-0.111108
-0.0943559
0.00440207
0.0341279
0.0430373
0.0435142
0.0297045
0.000636483
0.0078459
-0.091148
-0.104654
-0.00667854
0.0452784
0.0718647
0.087372
0.0423913
0.00824747
-0.0427492
-0.10496
-0.0975581
0.00269088
0.0255118
0.0542017
0.100257
0.0961356
0.0244483
-0.00402817
-0.114903
-0.112135
-0.0151842
-0.00568767
0.028491
0.0646907
0.0351972
-0.00115084
-0.0188791
-0.11956
-0.0911082
-0.00329832
0.0414419
0.0871161
0.0895086
0.0636617
0.0286716
-0.0179567
-0.0978998
-0.111137
-0.0160168
0.00470336
0.023514
0.058047
0.0301073
-0.0220551
-0.0236588
-0.0941188
-0.080402
-0.001036
-0.000406482
-0.000188589
0.00675514
-0.000665213
-0.0285207
0.010088
-0.0632769
-0.0133318
0.0445416
0.0151147
-0.0102494
-0.00379014
-0.0201214
-0.0369114
0.0235375
-0.0157673
-0.0456625
0.01066
-0.00700776
0.011866
0.0191459
-0.0237672
-0.0198238
0.0208901
-0.0722155
-0.00422367
0.034628
-0.0097559
0.00611798
0.00791218
-0.0160233
-0.00831433
0.0456603
0.0116146
-0.00762961
0.0377463
-0.0113383
-0.0422435
-0.0677641
-0.0492619
-0.0593694
0.0181323
-0.00891957
0.06513
0.0975183
-0.00278712
-0.065934
-0.0726198
-0.0471247
-0.032459
0.0669441
0.0495404
-0.0241237
0.0110556
-0.0532872
-0.0435418
-0.0570979
-0.0365299
-0.0317308
0.0340026
0.0166114
0.0480879
0.0476489
-0.0365248
-0.0648571
-0.0693263
-0.0524234
0.0030204
0.0697602
0.0610565
0.0439873
0.0854986
-0.0430888
-0.0694206
-0.0481791
-0.0570722
-0.0452938
0.0398941
0.0106897
0.0360254
0.0563539
-0.0673344
-0.0422685
-0.0450745
-0.0536405
-0.0454591
0.0407219
0.015127
0.0127279
0.0246279
-0.0440036
-0.0618549
-0.0423508
-0.0579413
-0.0356101
0.0591302
0.0236907
0.00910441
0.0237237
-0.0565461
-0.041803
-0.0385193
-0.0522243
-0.0656803
0.0187236
0.0368273
0.0110654
0.021305
-0.0572248
-0.0624241
-0.0788948
-0.0712714
-0.0779785
-0.00356114
0.024762
0.0797168
0.06206
-0.0163315
-0.0387121
-0.0582473
-0.0618626
-0.0288632
0.0476381
0.0703511
0.0229442
0.00629897
-0.0864933
-0.0801155
-0.0949822
-0.0852719
-0.066848
0.0193613
0.0066229
0.0784526
0.0654542
-0.035951
-0.0625944
-0.0553352
-0.0554872
-0.0189742
0.0875889
0.076692
0.0135586
0.0578466
0.0104888
0.0163589
-0.0503595
-0.0401865
-0.00895623
0.0432201
0.0328069
-0.0290391
0.0524398
0.0304966
0.0258373
0.0481953
0.0116905
0.0257684
0.0366354
-0.0375206
0.0354209
0.0414882
0.000305322
-0.00260611
-0.0403307
0.00393889
0.0266106
0.0761444
0.0218732
-0.0387373
0.0305212
0.0403666
0.0458814
0.0667954
0.0106915
0.0434041
0.0454182
-0.0240824
-0.0267033
0.0416859
0.0483858
0.0832226
0.161881
0.116058
0.0583058
0.0248528
-0.0269105
-0.109623
-0.095311
-0.059367
-0.0421204
0.0380971
-0.0148
-0.0240222
-0.0805217
-0.0945066
-0.0275769
0.0374997
0.0654616
0.131582
0.159565
0.100435
0.0657381
0.0419916
-0.0314741
-0.105844
-0.0943381
-0.0496747
0.0117401
0.0394662
-0.0236366
-0.0505591
-0.103931
-0.132249
-0.00948413
-0.0296386
0.00143211
0.00165533
0.0108801
0.0185957
0.0350174
-0.00305082
-0.00509204
-0.0161117
-0.0320951
0.0118949
-0.0071198
-0.0150492
0.0120393
0.0163358
0.0137705
-0.0239017
-0.00662164
-0.0226021
0.0144776
0.0254179
0.00288886
-0.00214306
-0.00318659
-0.0368605
-0.0144638
-0.0250112
-0.0106209
0.00662229
0.0144316
-0.0182991
-0.00388512
0.00434557
-0.0153518
-0.012604
0.0502754
-0.0283543
-0.0452941
-0.00794728
0.00850135
0.0356491
-0.0176182
-0.0207624
0.0217558
0.0731373
-0.0209564
-0.0481642
0.0389494
0.0237016
0.0670848
0.00598456
-0.00291645
0.0487942
-0.00620331
-0.0329723
-0.0193671
0.0231107
0.0388587
0.0907552
0.00136594
-0.0257739
0.00108018
0.0433086
-0.00534452
-0.035636
0.0326221
0.0611669
0.0766361
0.0117901
-0.0245126
0.0298155
-0.0296657
-0.0873721
-0.0603434
-0.00365774
0.038689
0.13766
0.112382
0.0470453
-0.00404851
0.0674408
-0.0158823
-0.0281568
-0.0311292
0.0139021
0.163279
0.161186
0.164403
0.095338
-0.0519976
-0.0875709
-0.0847365
-0.0287658
0.0218189
0.0364849
0.0236411
-0.020863
-0.0289814
0.00772129
-0.0436074
-0.0511691
-0.0432747
-0.0258289
0.0462114
0.0452766
0.0786741
0.0437319
0.0991367
0.0895119
0.00541598
-0.0593473
-0.0551266
0.0262741
0.0188833
0.108974
0.10162
0.0813973
0.124642
0.0644988
-0.0244462
-0.0257895
0.073436
0.0925567
0.0963773
0.0333263
0.0199554
0.0216969
-0.0283497
-0.039493
-0.0564474
-0.0286407
-0.0235335
0.022214
0.0239682
0.0146229
0.0674125
-0.0211678
-0.0341989
-0.0434127
0.0172862
0.0348195
0.0295469
-0.0206402
-0.0458736
0.0617401
0.0395943
-0.0166452
-0.0118878
0.142894
0.228209
0.152366
-0.0623881
-0.140564
-0.0550156
-0.0466943
-0.102121
-0.0878865
-0.00281365
0.0983581
0.0790915
-0.0834892
-0.0632858
0.00723286
-0.0339901
-0.046068
-0.01226
0.0961366
0.189303
0.151714
-0.0305353
-0.118805
-0.0956819
-0.120693
-0.111906
-0.0955018
0.00349686
0.129766
0.134922
-0.00338399
-0.0564044
0.00369157
0.0046257
-0.0307875
-0.0768133
-0.0542864
0.0308387
0.0872334
-0.00631344
-0.0268706
-0.0295116
-0.0416476
-0.0784854
-0.105263
-0.0867726
-0.040178
0.00686017
-0.0231178
-0.00805457
0.00295876
-0.00983863
-0.0176674
-0.0249578
0.00941774
0.0927566
0.183551
0.0987251
0.0266466
0.0135945
0.00825447
-0.0205102
-0.0605415
-0.0563126
-0.0426368
0.0709532
0.0784926
-0.0148956
0.00368114
-0.0411174
-0.0707472
-0.0906821
-0.074907
-0.0426458
0.0257468
0.0158586
-0.0176465
0.00893026
-0.0359199
-0.0600027
-0.0969282
-0.103949
-0.0521155
-0.00306502
0.00793174
0.0704972
0.0558645
0.0146236
-0.00787082
-0.0643304
-0.0584607
-0.0174347
0.0722354
0.0808639
0.0534488
0.0410781
0.000235522
-0.0217498
-0.0576605
-0.0696863
-0.019006
0.0794154
0.0828046
-0.0393738
0.00551257
0.00729928
-0.00155763
-0.0630268
-0.0264304
-0.025763
-0.00622417
-0.0131368
-0.057779
-0.0259545
-0.0310977
-0.027103
-0.0388972
-0.0426206
-0.0252125
-0.0206966
-0.0325294
0.0716605
0.0387498
0.0371646
-0.00974912
-0.044937
-0.000995698
0.0118789
0.0879947
0.0696928
0.037786
0.0241337
0.0292084
-0.0284231
-0.0247706
-0.0356627
0.00329644
0.0635614
0.0902925
-0.0408323
-0.0235355
-0.0305909
-0.000765872
-0.0534589
-0.0431127
-0.0110807
0.010843
-0.00872812
-0.0319294
-0.0222931
-0.0421432
-0.0346491
-0.0551947
-0.0705568
-0.0483677
-0.015579
-0.0525156
0.0732328
0.0383105
-0.000653549
5.52021e-05
-0.0387091
-0.0400471
0.0144818
0.0766861
0.116951
0.102477
0.0612756
0.0193689
0.00146729
-0.0155588
-0.0572033
-0.0349286
0.0493493
0.100624
0.00537496
0.0240002
-0.0313159
-0.0208015
-0.0623688
-0.0871563
-0.0641102
0.0068439
-0.0278313
0.025826
0.0204872
-0.0665774
-0.0173573
-0.0363769
-0.0500848
-0.0577499
0.00112715
0.0221521
0.0675278
0.0731758
0.0302073
0.0318536
-0.00833731
-0.0396627
-0.0484302
0.0466422
0.0766915
0.0510619
0.0409107
-0.00541108
0.0103743
-0.00975722
-0.0273321
-0.0599075
0.0143347
0.056172
0.0230136
0.0186952
-0.0739742
-0.0557955
-0.0486644
-0.0394717
-0.044512
0.0237418
0.0567554
0.032213
0.0059501
-0.068653
-0.0963707
-0.0805403
-0.0770804
-0.0243956
0.0715946
0.0753555
0.0407806
0.0176294
-0.0572283
-0.0576187
-0.0195422
-0.032179
-0.0535698
-0.00531864
0.0626973
0.0388674
-0.0239371
-0.0728399
-0.0778846
-0.0263494
-0.0681879
-0.0350136
0.0253165
0.0670341
-0.0131274
-0.00228728
-0.0378061
-0.0658927
-0.0508032
-0.0690235
-0.0313475
0.082375
0.0347583
0.0221484
0.00999687
-0.0353467
-0.0462595
-0.0458377
-0.0313292
-0.0428429
0.0583047
0.0455289
-0.00238751
-0.0138747
-0.0441723
-0.025305
-0.0148756
-0.0554339
-0.0281738
0.0414324
0.016194
0.00695631
-0.0227062
-0.0438124
-0.0315367
0.0125223
-0.00425906
-0.0263258
0.0254846
0.0230359
0.0455673
0.0424802
-0.0611129
-0.069553
-0.101257
-0.0617616
-0.05309
0.0503951
0.0739785
0.0891095
0.0595563
-0.0458132
-0.0811515
-0.0708156
-0.0317645
0.000406957
0.101406
0.104021
-0.0207564
-0.0494745
-0.0704397
-0.0601375
-0.0468091
-0.0257648
-0.0196034
0.0115059
0.0177518
0.0131535
-0.0229613
-0.0694045
-0.0580288
-0.0482876
-0.0220587
-0.00936677
0.0297528
0.0570392
0.0480185
0.0461844
0.0171616
-0.00802805
-0.0390728
0.0240693
0.0630405
0.124317
0.0879283
-0.0274589
0.0463605
0.052587
0.0450686
0.0398823
0.0200443
0.0694871
0.0719035
0.0270595
-0.00916606
-0.00980873
-0.0234178
0.0012407
-0.0235089
-0.00571646
0.0234037
0.0539352
0.0341243
-0.0787335
-0.020268
0.0173303
0.00999336
0.0108889
-0.0117699
0.00836989
0.00667852
-0.0355592
0.00214226
0.0653873
0.0951967
0.151443
0.116593
0.0896316
0.0740061
0.068576
0.00837172
-0.0546731
-0.0595944
-0.0345791
0.020156
0.03804
-0.0240409
-0.0368667
-0.0714693
-0.0849579
-0.0213105
0.018979
0.0703795
0.0837906
0.0696021
0.0578537
0.0513841
0.00461558
-0.00887603
-0.0704056
-0.061892
-0.0369942
-0.0206847
-0.00225022
-0.0480027
-0.0378155
-0.0900968
-0.0739612
0.0148493
0.00293905
0.0282874
0.0504408
-0.00243192
0.00333286
-0.00306343
-0.0147952
-0.00303648
-0.0260283
0.000704046
0.0342055
0.039146
-0.0233929
0.0179413
0.00655245
-0.0213718
-0.0218246
0.0207133
-0.00830126
-0.00416536
0.0214813
-0.00186087
0.0138369
0.0173152
-0.0100612
0.00292853
-0.0348479
-0.0202617
0.00861841
0.017944
-0.00348766
0.00989197
-0.0163136
-0.0421595
-0.0322094
-0.0146923
-0.0334934
-0.035725
0.0231952
0.02745
0.0576813
-0.028271
-0.0443238
-0.0102985
0.0128665
-0.0041945
-0.0408671
0.0109538
0.0099355
0.0283137
-0.0183418
-0.0356893
0.013699
0.00574811
-0.0278061
-0.0422603
0.0343518
0.0811485
0.0730047
-0.0243177
-0.0139832
0.0262115
0.0560768
0.0103994
-0.00358225
0.0341682
0.0267317
0.0523053
0.000292762
0.00450939
0.0653016
-0.0165998
-0.0364376
-0.0474536
0.0258923
0.0190106
0.012344
0.0097111
-0.0150206
0.00735612
0.00187171
-0.0367866
-0.0254764
0.00263374
-0.0160913
0.00980716
-0.0102846
0.0118226
0.041868
0.0331124
0.00793239
-0.0321967
0.0366044
0.0103427
0.0327718
-0.0155408
-0.0159457
0.0381362
0.0279803
-0.000119488
0.0177869
0.0420592
0.0341301
0.0185174
-0.0305712
-0.0088711
0.0165748
0.00799145
0.00425638
0.0193559
0.0350152
0.00347564
-0.0170553
-0.0317077
-0.00938863
0.00212774
-0.00174047
0.045078
0.0261858
0.0204679
0.0113412
0.00139471
0.00594471
0.0118983
-0.0255274
7.16092e-06
-0.0124626
0.0462643
0.0388517
0.0309481
0.0355019
-0.0289099
-0.0178155
-0.0208135
-0.0208371
0.0131873
0.0380247
0.0229487
0.0039241
0.0145484
0.000285127
-0.0105793
-0.0046321
-0.0360122
0.0109338
0.0039182
0.00429623
0.0126974
0.0218948
0.0710187
0.0838232
-0.0232753
-0.0614761
-0.0581893
-0.0601156
-0.026824
-0.0390638
-0.0129507
0.0626138
0.115103
0.00699647
-0.0463187
0.00488669
0.0105167
0.00931142
0.0206457
-0.0124017
-0.00718363
0.00192207
-0.044417
-0.050243
-0.0242236
-0.0426346
-0.0115235
-0.0174146
-0.0345742
-0.0331515
0.0131151
-0.0321313
-0.0425668
-0.0131694
-0.0224313
0.00383858
-0.0189702
-0.0140308
0.0276207
0.144111
0.063675
-0.0187667
-0.012827
-0.0218211
-0.0293146
-0.0518401
-0.0569961
-0.0562563
0.0874222
0.0414001
-0.0380903
0.0114786
-0.0185458
-0.0118277
-0.0201341
-0.0127692
-0.00202266
0.0627162
0.0197741
-0.0228737
0.00778276
-0.0340805
-0.0457727
-0.0409883
-0.0756381
-0.0490845
0.0263262
0.0178083
-0.00367497
0.0270935
-0.000681072
0.00303764
-0.0396232
-0.0395811
-0.0382867
0.0774452
0.0427951
-0.017625
0.000764092
-0.00933716
-0.028325
-0.0250829
-0.0359716
-0.0306196
0.045588
-0.00961745
0.013293
0.0308364
-0.0278522
-0.00931253
0.00749518
-0.0299575
-0.0321719
0.0413934
0.0154949
0.0160408
0.0169883
-0.0309264
-0.0240705
0.018316
-0.0247709
-0.0221379
0.00160614
0.0030447
-0.00688628
0.0117903
0.0157563
0.0136288
0.020648
0.0181284
0.00122043
0.069309
-0.00573984
-0.0104319
0.0111858
0.019159
-0.0142302
-0.00971161
-0.00703306
0.00173885
0.0513652
0.010658
0.0157564
0.0340731
-0.00246921
-0.00198132
0.0508692
0.0238882
0.00753043
0.0189537
-0.000991845
-0.0233628
0.0215897
-0.0254859
-0.0246335
-0.00373035
-0.00649503
-0.00488162
0.0247931
-0.0170105
-0.00203935
0.0326518
0.00999965
-5.62747e-05
-0.0416168
0.00633277
-0.00407722
0.0667191
0.057777
0.0253744
0.0378234
0.0151885
0.0266964
0.00711132
0.000179112
-0.0216393
0.0404615
0.0331941
0.0168026
0.0308861
-0.0179432
-0.0356221
-0.023112
0.00977317
-0.012496
0.0197497
-0.0106743
0.00688273
0.0331877
-0.00898476
-0.0298265
-0.00821932
-0.0306582
-0.0450123
0.00532373
-0.00269127
-0.00513155
0.0308249
0.0287904
0.061828
0.0593372
0.0246242
-0.00829002
0.0302932
0.0114385
-0.0388896
0.00935406
-0.00786376
0.0335167
0.0357438
0.0147052
-0.0283432
-0.00764153
-0.00603744
-0.0113038
0.0364377
-0.0116872
0.0126044
0.0223447
-0.019708
-0.0296251
0.00366655
-0.0228388
-0.0691506
-0.0259974
-0.0342773
-0.000943997
0.0307851
-0.0159541
-0.0277001
0.0050848
-0.0462699
-0.0386362
0.00432808
-0.0258244
-0.00571098
0.0421786
0.00960958
-0.0370373
0.00248261
0.0160133
-0.00347318
-0.00816769
-0.0393752
-0.00382533
0.0467735
0.0021992
-0.0199047
0.0161325
0.000469734
-0.0594904
-0.0183338
-0.0285611
-0.0146166
0.025029
-0.00304041
-0.0476313
-0.0261505
-0.0276061
-0.0363647
-0.0117146
-0.00214568
0.00479766
0.0174033
-0.00889079
-0.0547317
-0.0307732
-0.0391642
-0.0201979
0.0127288
-0.00612284
0.0238895
0.0598577
0.00889242
0.00759493
0.0247838
-0.014714
-0.0109796
-0.00728386
-0.0163406
0.0066909
0.0596247
0.0391992
0.00263599
0.0258867
-0.0240545
-0.0602851
-0.00231738
-0.000424177
0.0229489
0.0442653
-0.0156515
-0.0202373
0.0012913
-0.0684888
-0.0460619
-0.0201638
-0.0464875
-0.0259799
0.0121398
0.0271781
-0.0238483
-0.00187193
-0.0545741
-0.0250768
-0.01291
-0.0152617
-0.000279761
0.0150601
0.026986
0.0241595
0.0442133
0.0190537
-0.0168821
0.00885984
0.00462289
0.0161499
0.0161062
0.0331469
0.0277942
0.0349019
0.0253149
-0.0284917
-0.00463824
-0.0323881
-0.0422385
-0.00568802
0.0189797
-0.0151892
0.00212664
-0.0135466
-0.0580602
-0.0206317
-0.0327892
-0.0570794
-0.0232241
0.00467292
-0.0107451
-0.00197848
-0.0374124
-0.016731
0.0356012
0.0380074
0.0690629
0.0360263
0.0681675
0.0464313
0.0511117
0.0162731
-0.05154
0.0301216
0.0526389
0.0657967
0.023541
0.0305414
0.0406621
0.014762
-0.0236106
-0.0565204
0.0149436
0.00892046
-0.0403141
-0.015566
0.019603
-0.00249688
0.00415817
-0.0550958
-0.0710143
-0.0136683
0.00665903
-0.0223243
-0.0498711
-0.0410451
-0.0168351
-0.0212966
-0.0365148
-0.016232
0.0452688
0.0780468
0.0905
0.0604724
0.0410157
0.0489504
0.00242886
-0.0100968
-0.0277334
-0.0250673
-0.00115869
-0.00732236
0.00232569
-0.0258563
-0.0196185
-0.0549963
-0.0424229
-0.0163271
0.00919182
0.0389084
0.0346225
-0.00163462
-0.000226878
0.0189109
-0.0157567
0.00151347
-0.0239137
-0.0536671
-0.0362685
-0.0413052
-0.0274957
-0.0104377
-0.0252739
-0.054246
-0.0321113
0.0419763
-0.0192943
-0.00858524
-0.00125586
-0.0227171
0.00634498
-0.00440299
-0.0376027
0.0194334
-0.0344593
-0.0418083
-0.0167506
-0.00947371
0.00892979
0.0136777
-0.0282643
-0.047878
-0.0321379
0.0532493
-0.0179412
-0.00267918
0.010975
-0.0101421
0.03606
-0.00799253
-0.0364982
0.0221117
0.00470223
-0.0378451
-0.0189819
-0.00602929
-0.0126347
0.0198893
-0.0323005
-0.0354878
-0.0118244
-0.00873616
-0.0471149
-0.047981
0.0139182
0.0553517
0.0678145
-0.0368856
-0.0394589
0.00510096
0.0213168
-0.0228093
-0.0435311
0.0107688
0.0064212
0.047191
-0.0180596
-0.0189479
0.0299735
0.0741523
0.0162417
0.00238992
0.0389358
0.00301281
0.0570522
-0.0454094
-0.0391562
0.0474474
0.0737705
-0.00637675
-0.0252635
0.0459973
-0.0366143
0.0550648
-0.0239672
-0.00271982
0.0880571
0.0111148
-0.0150572
-0.0244891
0.016231
0.00535291
0.0359388
-0.0174831
-0.0318536
0.0103119
0.0195572
-0.00785871
-0.00569213
0.0231589
0.0351521
0.0319091
-0.0244257
-0.0370414
-0.00131336
0.0765723
0.0003541
-0.0188002
0.0271249
-0.0384573
0.0390858
0.017101
-0.00972114
0.0507765
0.0716348
0.0490353
0.0236856
0.00320669
-0.0311264
0.0562297
0.0129933
-0.016312
0.0422202
-0.0169477
0.00274922
0.0129095
0.0136983
0.0392038
0.0351305
-0.0161754
-0.0381411
-0.0235782
0.00115933
0.00624474
-0.0164725
-0.00805194
0.000146531
0.0140467
-0.00376675
-0.0351191
-0.00526048
0.0387183
0.0383141
0.0272528
0.0265898
-0.0538061
0.0481214
0.0063949
-0.0250724
0.0295601
0.0456617
0.00907784
0.0019263
0.0234698
-0.0499877
0.0184279
-0.0116208
-0.00722589
0.0462356
-0.0179434
0.0137358
-0.00150371
-0.0108631
0.0181379
-0.00289219
-0.0106048
-0.0223154
-0.0153541
-0.0329176
-0.00760285
-0.013986
-0.0127531
-0.00678875
-0.0290532
-0.0593344
-0.0525466
-0.0555138
0.0199434
-0.0107944
-0.00792166
0.0389926
-0.0137239
0.0148946
0.00494792
0.0128226
0.0347901
-0.0135114
-0.00367941
-0.0422524
0.0200824
-0.0398177
-0.0196266
-0.0428596
-0.0251832
-0.00940806
-0.0189299
0.0530828
0.0190333
0.00930396
0.0281255
0.0220538
-0.00535585
0.0243684
-0.0372188
-0.0256868
0.0112721
-0.0192677
-0.0248436
0.0194775
-0.0183377
-0.0386642
-0.0259597
-0.0498377
-0.0198961
0.0189807
0.00626316
0.0313982
-0.0232148
0.0377727
0.014351
0.034974
-0.00791108
-0.00309899
0.0151716
-0.00413964
0.0118354
-0.0214074
0.0104066
-0.0320582
-0.0249508
-0.0180474
-0.0145644
0.0358916
-0.0298891
0.0140947
0.0571999
0.0175021
-0.0327645
-0.016224
-0.0288048
0.00605303
0.0142704
-0.0415186
-0.0142793
0.038936
0.0244048
0.000386541
4.48427e-05
-0.0146451
-0.00488112
0.0443982
0.00914134
0.0278514
-0.0109855
0.014703
-0.0367701
-0.0520872
-0.0272203
-0.00410241
0.0186836
-0.025443
-0.0152983
-0.0417589
0.0196227
-0.0314229
-0.0445166
-0.0122007
0.0197099
0.0424498
-0.00555307
-0.00897606
0.0611143
0.0530174
0.0155599
0.00436249
-0.00654364
-0.00818763
0.00450519
-0.0609313
-0.0199129
0.0158254
-0.00359204
-0.0426515
-0.0186037
-0.015496
0.0111712
0.0323483
-0.0039101
-0.0124366
-0.0201731
0.0485201
-0.00491875
0.00492999
0.000991643
-0.00556425
0.0111117
-0.0582938
-0.0179388
-0.0492087
0.00478334
-0.0323865
-0.00358334
-0.0321166
0.027492
0.0401125
-0.0164204
0.000931755
0.0178239
0.0158486
-0.031654
0.0054989
-0.00688681
-0.00239845
0.0302294
-0.00758214
-0.0089381
-0.00079898
-0.036387
-0.0407814
-0.00862958
-0.00343488
0.0133756
0.0220109
-0.0460902
0.0241024
-0.0491039
0.0160036
-0.0195065
0.0110364
0.000925679
-0.0112545
-0.00709286
-0.034714
0.0257799
-0.0493906
-0.00610513
-0.0254579
-0.0150821
-0.030595
-0.00248828
0.0285152
0.0144268
0.02543
0.0258324
-0.00635492
-0.00252354
0.0110493
0.00343149
-0.0359955
-0.0200281
-0.015458
-0.00895969
0.0262181
0.00789121
-0.0152667
0.01689
-0.0367541
-0.0332153
-0.0163184
-0.00188209
0.0216619
-0.016186
0.0569022
0.0386282
0.0163003
-0.0419073
-0.0250368
-0.0175412
-0.00863385
0.012578
-0.0309334
0.0272144
-0.0082137
0.0173108
-0.038314
-0.00842932
0.0148728
-0.00509847
0.00778911
0.0225213
0.034968
-0.0197694
0.00566778
0.00093484
0.00490005
0.0190662
-0.00956913
0.0234216
0.0207268
-0.00290574
-0.0557405
-0.0168901
-0.0120636
-0.00267975
0.00678317
-0.0151109
0.0211215
-0.0533734
0.00805636
-0.0395617
0.00079269
-0.0152781
-0.0162923
0.00808349
-0.0310951
0.0081942
-0.0640808
-0.0288236
-0.0640307
-0.0314462
-0.022859
-0.0380025
0.0210961
-0.00192508
0.0459212
0.0564351
0.0174365
-0.012894
0.00330346
-0.0549788
-0.0327565
0.0128043
-0.0210377
0.00207621
0.0508935
0.0543769
0.0113347
0.00309785
-0.0354582
-0.0235967
0.0120241
-0.0177555
0.0172121
-0.0308042
0.0251238
-0.0287931
-0.0243057
-0.0437696
-0.0121061
0.00681308
-0.0119465
-0.00480436
-0.0447381
0.0351983
0.0146532
-0.0202139
-0.00655513
0.0014323
0.00598302
-0.00058943
-0.00152502
0.0338398
0.0540009
0.0135302
0.00307636
-0.0093312
-0.0148208
-0.0136989
-0.023329
-0.0212288
0.0107053
0.0377834
0.00619474
-0.0220141
-0.0266795
-0.00578125
0.0177695
-0.00905481
-0.0113685
-0.0688915
0.0361866
0.0138943
-0.0231369
-0.0359921
-0.0208334
-0.00482162
-0.016074
-0.00248507
-0.0803705
-0.0131724
-0.0308197
-0.0242646
-0.0349663
0.00162531
0.0516372
0.0357173
0.0170776
0.0303712
0.0537911
0.0252255
0.0247713
0.0129123
-0.0125856
0.0291074
0.0372805
-0.00125162
-0.00223527
0.00630962
-0.000433654
-0.000308369
0.00840071
-0.034187
0.0236826
0.0105223
0.0138221
-0.0565924
0.0174406
0.0058239
0.00409315
-0.0392551
-0.0580971
-0.00786559
-0.00415493
-0.0341366
-0.0438008
0.0322852
0.00642381
-0.038376
-0.0622417
0.00557014
0.0160141
0.0167877
0.0169296
0.0180852
0.0123539
0.0194083
0.0221619
-0.00601763
0.00285599
-0.0362518
-0.0321168
-0.00209319
-0.000191675
0.0102465
0.0117533
-0.0288848
-0.0227987
-0.00751493
0.00636513
-0.00758584
-0.000743371
-0.0252465
0.0344259
0.0348826
9.86063e-06
-0.014362
-0.00101636
-0.0415742
-0.0309283
0.00692826
-0.0487239
0.00668318
0.0052644
-0.0275735
-0.0243219
0.0226407
-0.0319521
-0.024187
0.0124424
-0.0381052
-3.31619e-05
-0.0142367
-0.0336834
0.0131549
0.00560865
-0.0244451
-0.0128477
-0.0217009
-0.0469096
-0.0146839
-0.0320478
-0.0194427
0.00757701
0.0370262
-0.0265458
-0.0281055
-0.0121407
-0.0847051
0.0170494
0.0150432
-0.0143847
0.0186699
0.0539259
0.0172133
0.00893966
-0.0296491
-0.11857
-0.00487275
0.0221374
0.0125675
0.0368047
-1.64408