0.00340843
-0.0307289
-0.0306153
0.0223859
0.0032437
0.0266183
-0.00844937
0.00638899
0.0172212
0.0110436
-0.00360968
-0.0190303
0.0134294
0.0186876
0.0190686
-0.0158813
0.0177485
-0.00139052
0.0152267
0.00784354
-0.00804584
0.0100412
0.0106304
-0.0004683
-0.0214291
-0.00944374
0.00208405
0.00305123
0.00273138
0.00116125
0.0206147
-0.00340504
0.0198084
-0.0162637
-0.00532412
0.00881065
0.0105566
0.00196544
-0.0123105
0.00515568
0.00284541
-0.00255697
-0.00440405
0.010531
0.00434948
-0.000513184
-0.0149976
0.00244643
0.0189395
-0.0066735
0.0182519
0.0114859
-0.00276614
0.0103066
0.0180243
0.0027158
0.0033286
0.0148181
0.00393564
0.00358021
-0.0142202
-0.00545895
-0.00318915
0.0311441
0.00484814
0.00470768
0.0267432
-0.00855747
0.0353971
-0.00569306
-0.00685125
-0.0124516
-0.016756
-0.021711
-0.00192482
-0.00900487
0.0205416
-0.00833559
-0.0122666
0.00449217
0.0104814
-0.00430362
0.014272
-0.0156011
-0.00389013
-0.00683418
-0.00596037
-0.0141241
0.0159782
-0.00032635
-0.00130446
-0.00443608
0.0106479
-0.00551406
0.0151424
0.000568567
-0.0231583
-0.00663913
0.000607709
0.00206599
-0.0144004
0.00075287
0.0144582
-0.00899261
-0.00516661
-0.00380562
0.00537743
-0.0074723
-0.0126473
-7.95528e-05
-0.0161112
-0.016938
-0.00487321
0.00567645
-0.0141107
0.00635732
-0.00731032
0.019764
0.0302712
-0.00198746
-0.00468675
0.00190864
0.014
-0.00757858
0.00587694
0.0058199
-0.0134393
0.0224342
0.0174256
0.0123422
0.018915
0.00474296
-0.0112913
-0.00533993
-0.00405505
0.0103951
0.0021545
0.00200004
0.0047424
-0.0237425
-0.00299547
-0.0184413
0.00890533
0.000664652
0.0028281
0.0128141
-0.0220464
0.0121826
0.00396001
0.0012505
0.00315759
0.00480941
0.0107649
-0.0130958
-0.00446685
-0.0237564
0.0120477
0.000352164
-0.00110682
-0.00946693
-0.0102092
-0.00266437
-0.00874776
0.0100074
-0.0231703
0.000941759
-0.0211013
0.00891711
-7.00874e-05
0.00600971
-0.0295178
-0.0197089
0.00278814
-0.0306845
0.0159557
0.00398597
-0.00273331
-0.000269975
0.00618154
0.00162416
-0.00932922
0.0123154
-0.0242724
0.0142953
0.010972
0.00871639
-0.0189121
0.0134701
-0.00987921
0.0168895
-0.00660921
-0.0140406
0.0049363
-0.0107751
0.0219546
-0.00315059
-0.00449184
-0.00302246
-0.00847242
0.0176878
-0.0218645
0.011959
0.0186541
0.0115279
0.0023931
0.00539763
-0.0165049
-0.0124172
-0.00420532
0.00812665
0.0182996
-0.00708729
-0.00117807
0.00199276
0.00390411
-0.00707803
-0.010422
-0.00761184
-0.00205594
0.00599919
-8.73608e-05
-0.00618173
-0.0286216
0.00257918
0.0135738
-0.0525415
-0.0185066
-0.00924196
0.0174878
-0.0081663
-0.0111764
-0.0268168
0.0027312
-0.0326994
0.00267063
0.00100448
0.00882707
-0.000791693
-0.00947542
0.00958427
-0.00925852
-0.00666181
0.00478101
-0.0401727
-0.00537479
-0.0117414
0.00540823
0.00916529
0.0131259
-0.00307371
-0.00142841
-0.0138024
-0.0260369
-0.00505446
-0.00946593
-0.00986763
0.0026153
0.00884379
0.00218448
0.0214708
-0.00243557
0.00819384
0.0140416
-0.00464447
0.00171197
-0.00593137
0.00769046
0.0157773
0.000569692
0.0230284
-0.00333513
0.0121789
0.0108939
0.000611239
-0.0130676
0.00990347
-0.00725835
-0.000979123
-0.0104881
0.0229171
0.0202902
0.0069566
-0.00450088
-0.0180563
0.019269
-0.0057478
0.00916157
0.0118498
-0.00936766
-0.0163478
0.00177798
0.00505839
0.00226313
-0.00738857
-0.00871388
-0.00185089
-0.00850105
0.00303462
0.0116114
0.00465753
0.00133329
0.000157276
0.00183191
-0.00577695
0.0116677
-0.00302613
-0.000500195
-0.0102722
0.00248746
0.0182839
-0.000833967
0.0183228
0.00217611
-0.00241036
0.00187991
0.010622
-0.0145825
-0.0176477
0.010249
-0.0125003
-0.0003942
0.0101426
0.0272587
0.00558247
-0.0166259
0.0049162
-0.013547
-0.0297927
-0.00538272
-0.0209877
-0.0189576
0.00297718
-0.00622509
0.00878588
0.00466471
0.00464577
0.0260351
-0.0100939
0.00253674
-0.000371628
0.00773007
0.0128778
-0.00484353
-0.000901696
-0.00806185
0.00382148
-0.0100267
-0.00280085
-0.00415514
0.0260359
0.00906623
-0.0327058
-0.0149034
-0.0137699
0.0196419
0.000553877
0.00629813
-0.00250932
0.019616
-0.00976752
-0.0134077
0.00585811
-0.0154129
-0.00478299
0.0065206
-0.00575162
-0.00894782
-0.0121457
-0.0068976
-0.0084902
-0.00439155
-0.0122536
-0.0190623
-0.00495404
0.0175902
-0.0107102
-0.0012603
0.0127979
-0.00617826
0.00471077
0.0102693
0.0159255
0.00828755
0.00636253
-0.00405425
0.00611669
-0.0209415
0.0167696
0.0132814
0.0394605
0.0304972
0.0222919
0.0323838
0.0139311
0.00446539
-0.00508121
-0.00996807
0.0327292
0.00188531
-0.0101979
0.0146406
0.0116896
-0.0100803
0.0252096
-0.0087446
0.025906
0.0368415
0.00136447
0.00805575
0.0179143
0.0165723
0.00394342
0.00632144
-0.0019188
0.00614349
0.0319344
0.0333835
-0.00131142
-0.0126838
-0.00433225
-0.00869995
0.00377711
-0.00614958
0.020299
0.0124752
-0.00605743
-0.0180894
-0.00583952
-0.0016057
-0.011624
0.0111457
0.0215283
0.0250077
0.0568407
0.00530156
-0.00486316
0.0131276
0.018638
0.0117185
0.00385181
0.0147517
0.00224253
0.0481032
0.00790283
0.0159389
0.00103525
0.00996742
-0.00645263
-0.00112444
0.0103086
0.0140182
0.00305186
-0.00341597
-0.00344679
0.000422476
0.00351689
0.0015634
0.0038365
0.00339015
0.00804199
0.00286907
0.0109167
8.22354e-05
0.0121131
0.00163565
0.00691109
0.00722528
0.0138916
-0.00657264
0.0173817
-0.00626897
-0.0109189
0.0184441
0.00633
-0.0136821
-0.00296138
0.00313248
-0.00972632
0.0272264
-0.0124444
-0.0406793
-0.0129485
0.0158087
-0.00908489
0.0314171
-0.000385679
0.00903659
-0.00786895
-0.0119539
-0.0135723
-0.00725422
0.000551416
0.00524072
-0.00939413
-0.0155452
0.0396913
0.0507163
0.0136227
-0.0166874
-0.00838754
0.00309267
0.00282221
-0.000525235
0.0296222
-0.00849777
-0.00371667
0.015437
0.00308775
-0.00376854
-0.0158943
-0.0151307
-0.00603215
-0.00203826
0.0131259
0.0071883
-0.00439538
0.00984451
-0.00717631
0.00460411
-0.0105572
-0.0219917
0.0147025
0.00504531
0.0133622
0.0382207
0.0271428
0.00298672
-0.00130195
-0.00884076
-0.0328447
-0.0174251
0.00362784
0.00479769
-0.0281586
0.0192289
-0.0148703
-0.00135389
-0.00289776
-0.0145348
0.0248252
0.00614927
-0.0309518
-0.0187591
0.00471091
0.0175152
-0.0068214
-0.00191051
-0.0077012
0.0170805
0.00472282
-0.00511176
0.00651494
-0.014869
-0.000300371
-0.00158663
0.000720252
0.00289412
0.0161701
-0.0123622
-0.00345963
0.0012825
0.0120953
0.0212749
0.00745869
0.00271136
-0.0088706
0.0060836
0.0100583
0.0298427
0.035085
0.00626215
-0.00910957
0.00663759
0.00583987
-0.00100497
0.00689877
0.00412225
-0.00755333
-0.00448389
0.00523206
0.0229163
-0.00953702
-0.0183963
0.00352188
-0.0137901
-0.00480166
-0.0171114
-0.0110656
0.00356512
-0.00532187
0.00112043
0.00947001
-0.00229066
0.00549553
0.0204183
0.0057842
0.0245549
0.012458
0.00944303
-0.0106979
0.008071
0.0195325
0.0125094
0.00120245
-0.0141932
0.00513584
-0.00205597
-0.00630258
0.00314328
0.0197862
0.017716
0.000907266
0.000813804
0.00819402
0.0389002
0.0175746
0.00287347
-0.00473759
0.0173517
0.0123488
0.00589307
0.00169107
0.0120633
0.0216026
0.0146708
-0.00336684
-0.0155454
0.0063461
0.0113311
-0.0171603
0.0105122
0.00696893
0.0548087
0.0351642
0.0193109
0.0118269
0.0363513
0.0212336
0.0216984
-0.0185325
-0.0153113
-0.00427809
0.00274315
0.00548999
-0.0192931
0.0164284
0.000469439
0.0031615
-0.00497475
0.0199193
0.00263924
-0.00615155
-0.000182129
-0.00130947
0.00282139
0.0173126
-0.000988932
0.00502103
-0.000296038
-0.0295929
-0.0197314
-0.00751548
-0.00792723
-0.00517385
0.0226899
0.0117378
-0.0092241
-0.00477242
-0.00585175
-0.0139477
0.00374283
0.0116829
-0.00122109
-0.000160702
-0.00317856
0.00777537
-0.0135049
-0.0164764
-0.0220799
-0.00284235
-0.0140333
-0.0202357
-0.0143516
0.000185199
0.0101941
0.00333201
0.00770424
0.0123874
0.00855685
0.0169636
0.00354629
0.0327586
0.0105689
-0.00978409
0.0138671
-0.00199219
0.00530356
0.0166913
0.0130448
0.00643577
0.0178916
-0.00320209
-0.00422124
-0.00694922
-0.00420643
0.00696648
0.00501634
-0.00544474
0.00616121
-0.00828716
-0.018821
0.0122782
0.0160514
0.00337241
-0.0116323
0.00108305
0.00657846
0.0153357
-0.00806476
0.0215303
0.00624457
0.0140883
0.0132938
-0.00502501
-0.0144085
-0.00502878
0.00159812
-0.0100449
-0.000928684
0.0252136
0.0674931
0.0287156
0.00737507
0.0115458
0.022627
0.0317347
0.00793826
0.0221765
0.00405198
-0.0069649
-0.00977568
-0.00252317
-0.0160157
-0.00318254
0.00313078
-0.00595658
0.0151529
-0.0253169
-0.0134286
-0.00328845
-0.0103109
-0.00758167
-0.00567021
-0.00366426
-0.00882647
-0.0228542
0.00332559
-0.0110706
0.00024679
0.0164148
-0.00397097
0.0343374
0.00923787
-0.023619
-0.0211394
0.0209021
-0.0180699
-0.00911814
0.0105637
-0.0321327
0.00538767
0.00065997
0.00485774
0.024302
-0.0158043
-0.0158196
0.0028348
0.0259206
-0.00404975
0.021026
-0.00359786
0.0118978
0.00577916
0.00463884
-0.00462912
-0.00581971
0.00541419
-0.0170187
-0.012764
-0.000113692
0.00522311
0.0158979
-0.00664706
-0.00873022
0.0186455
0.00664936
0.0168849
0.0135907
0.0145664
0.00701292
0.0251123
-0.0214761
0.0265141
0.0451525
0.00868457
0.0245293
0.0178272
0.014336
-0.0147515
-0.0157513
0.0271286
0.00928011
-0.00153924
0.0130972
-0.00263434
0.0208713
-0.00110441
-0.00603639
0.00250643
-0.0169419
-0.00153667
0.0243716
0.0156594
0.0232801
0.0144015
0.0187329
0.0150467
-0.004104
0.0025739
0.0279808
0.0273542
0.00615464
0.00236406
-0.00602723
0.00662387
0.0254029
0.0245543
0.0182591
0.0210696
0.0120439
-0.004918
-0.0154988
0.000637467
0.00366205
0.038499
0.0380211
0.023409
0.0073481
0.0176549
0.0134473
0.0105324
0.00857977
0.0224723
0.029001
0.0251343
0.0378671
0.0292266
0.00834961
-0.00178685
-0.00891081
-0.000654198
0.0134187
0.0289269
0.0148508
0.0174829
0.00931437
0.051471
0.0161334
-0.00218588
0.0223449
0.0132979
0.0160974
0.0287527
-0.00824483
-0.0216676
0.0137387
0.00588818
0.0181218
0.0151534
0.0132091
0.0132281
0.0119019
0.0219574
0.00657715
0.0274843
0.0285353
0.0136045
0.0109995
0.026791
0.0168137
0.00905077
0.017641
0.00510575
0.0319746
0.012298
0.00998738
0.00228277
0.0243701
-0.0129627
0.0075928
0.0104175
0.0109559
-0.00702135
-0.00827993
0.0105408
0.0150382
0.0096343
0.0123796
0.0134661
-0.011919
-0.00739355
-0.0190744
0.00506352
-0.0192052
-0.0152935
-0.00247881
-0.0185222
0.000761082
0.00915742
0.0128591
0.0111116
-0.0129004
0.0159368
-0.0116967
-0.0111799
0.00346771
0.00600336
-0.00768944
-0.00911209
0.00325001
-0.0148544
-0.0226075
0.00624743
-0.0129962
0.00646267
-0.00317581
0.00819002
0.0040712
0.00142715
0.00998229
0.00351867
-0.00218277
0.00813367
0.001663
0.0178731
0.0135929
-0.00193551
-0.00446305
-0.00763334
0.00168595
0.00136208
-0.000825915
-0.0204452
-0.00514642
0.0115112
0.00203434
0.00421048
0.0236332
0.00470666
0.0145586
0.0150442
-0.00168319
0.0207182
-0.00197395
-0.00487597
0.00165995
-0.00333148
-0.00402974
-0.00235473
-0.00900643
-0.014167
0.00258004
0.0184887
0.00502961
-0.00314826
0.00727289
-0.0123156
0.00886768
-4.10857e-05
0.0175176
0.00814207
-0.0264159
-0.00348339
-0.0122775
0.00295013
-0.00957651
0.00443134
0.00723844
0.00448493
-0.0222603
0.00455031
0.00490971
0.00902149
-0.00636643
-0.0188278
-0.00636452
0.00448097
0.0185087
0.020121
-0.0405991
0.00881295
-0.0136503
0.0186646
-0.0135769
0.00401327
-0.0191617
0.00469439
-0.0332722
-0.00194955
-0.0185303
-0.0190924
-0.000768225
0.0101551
0.0164897
0.0384272
0.0125566
0.00369345
0.00556192
-0.0052801
-0.00444659
0.0104839
-0.0090087
-0.0160006
-0.0195087
-0.00918113
0.00209457
-0.0124288
-0.0200503
-0.0208134
0.000900455
-0.0104165
0.00467975
0.0169286
0.0142501
-0.00406077
0.00756181
-0.00374196
-0.013973
0.0113528
-0.013
-0.0114671
-0.0173813
-0.00653142
0.0178301
0.00525679
0.00441735
-0.00350401
0.000528206
0.0192592
0.00591031
-0.00316173
-0.000380681
-0.0139623
-0.00318481
0.00278588
0.00430962
-0.0165117
-0.0109903
0.010013
0.0282367
0.0322393
-0.00417268
-0.00707323
-0.00101325
-0.0179395
0.0136406
0.0218601
0.0216783
-0.000377941
-0.0278132
0.00745661
0.0158555
0.0198237
-0.00600212
0.000693633
-0.00457337
0.00303381
-0.00345886
0.00706353
-0.0116329
0.0135593
0.0152856
0.0174059
-0.00694457
-0.00111087
-0.00183468
0.00793956
0.0124252
0.0139207
0.0102467
0.0329592
0.0208451
-0.000266991
0.00104859
0.00157903
-0.00994006
-0.00790507
0.00501855
-0.00422802
0.00547935
-0.0138625
-0.0132821
0.0143741
0.0120927
-0.00628967
-0.0203847
0.0146796
-0.0109443
0.00384866
-0.00504523
0.015832
-0.00223382
0.010247
0.00984529
-0.0260953
0.000899129
0.0257686
0.0210133
0.0240975
0.0119273
0.0108046
0.0343246
0.0519563
0.00811223
-0.00921457
0.00709831
0.00687257
0.0250095
-0.0105286
-0.0139254
-0.00714925
0.0245562
-0.00440567
-0.0199611
0.00654769
-0.00729074
-0.00348961
-0.00705974
-0.00188639
0.0234488
0.038671
0.00620317
3.22254e-05
-0.0162342
-0.0111555
-0.00426193
-0.0205881
0.00516156
0.0124044
0.0387575
0.0235697
0.0127092
-0.00778832
0.0201809
0.0025481
-0.011972
-0.0161153
-0.0238522
-0.0202952
-0.0149571
-0.0157954
-0.00602171
0.0117132
-0.0037666
-0.0116157
-0.00829177
-0.0146052
-0.0201357
0.002575
0.00772962
0.00247783
0.00543611
0.00378075
0.010604
0.000774361
0.00317342
0.0187799
-0.00214023
0.00378681
0.0156946
0.0110191
-0.002413
-0.00858443
0.00445492
-0.00188311
-0.021522
0.00152142
0.00341514
-0.00765894
0.00650427
-0.000470867
0.0149687
-0.00617561
0.0123954
-0.00490281
0.00860151
0.0114822
0.0178347
0.01535
0.00553496
-0.000469099
-0.00566699
-0.0108406
-0.00118791
0.0151666
0.0139979
3.27616e-05
0.0210667
-0.000901493
0.00239741
0.0102801
0.0202482
0.0110423
0.002864
-0.0090663
0.0117549
0.00857985
0.0206554
0.0139058
0.0142652
0.000722442
0.0157904
0.00484829
-0.0156606
8.39762e-05
0.00129184
-0.00203047
-0.0101604
-0.0239426
-0.00251346
-0.00854211
-0.000849999
0.013468
-0.0263137
0.00173896
-0.0127086
0.00533634
-0.0217562
-0.00956377
-0.00497974
-0.00213443
-0.0164336
0.0104934
-0.00677099
0.00661437
-0.000818182
0.0100986
-0.00248847
0.0157083
0.0091473
0.00721043
0.0363964
0.0151558
0.00932414
0.0176657
0.00427468
0.00985094
0.0286666
0.0583116
0.0274598
0.00320953
-0.000444748
0.00203762
0.0220038
-0.0128443
-0.0156844
0.0134842
0.00731253
0.00660606
0.00326647
0.0232689
0.00103844
0.00732789
0.00467072
0.001009
-0.00151778
0.0175469
0.0138084
0.00394513
0.0106129
-0.0264132
0.0100471
-0.0142646
-0.000536591
-0.00945502
-0.0165966
-0.00903973
0.0142913
0.00829452
0.00454325
0.0149607
-0.00893818
0.0138657
0.00262626
0.00874924
0.00704946
-0.021293
0.0112254
-0.00206671
0.0148718
0.00680029
0.00358087
-0.00174462
-0.0133602
0.00671625
2.65002e-05
0.0151886
0.00952138
0.00871548
-0.00924063
-0.00555068
-0.00866184
-0.0296235
0.0103884
0.00115095
0.00171725
-0.00699816
0.0090182
0.00309246
0.00528023
0.00249494
-0.00588961
-0.0132724
-0.0133963
0.00202831
-0.00501348
0.0227561
-0.0199328
0.00540694
0.0116055
0.00456187
0.00439494
0.0108492
0.0217545
-0.0115322
0.00301497
0.00133044
-0.0143258
0.00257527
0.0126812
0.00646005
-0.0151087
0.0247904
-0.0159786
0.0140805
0.004583
0.0225727
0.00164333
0.00286253
-0.0033723
-0.00469889
0.00876108
-0.0162069
-0.00505897
0.00443695
-0.00406955
-0.0106604
-0.00410923
-0.0128276
0.0127078
0.0150265
-0.00908788
-0.00842357
-0.0242611
0.0193785
-0.00588194
0.00344514
0.0036972
0.00899063
0.000904358
0.00830829
0.0160038
0.00841429
0.0260512
0.0148031
-0.0043244
0.0141834
0.0133565
0.012246
0.0208526
0.0318145
0.00755231
0.0369595
0.0404171
0.0150552
0.0122021
0.0144341
4.13514e-07
-0.00557972
-0.0174687
0.00112992
-0.00733355
-0.00746482
0.004777
-0.00605029
0.00287291
0.00950212
0.000867237
0.0147107
-0.0130968
0.00725756
-0.0154078
0.0065203
-0.00384349
-0.0301711
-0.00353948
0.000404207
0.00891712
-0.00561691
0.0115059
0.0416067
0.0237243
0.00109819
0.0131627
0.000366554
-0.00535759
-0.00909086
0.00648595
-0.0131486
-0.00584341
0.015751
0.0126472
0.0037856
0.0180835
0.00156185
-0.00152505
-0.00899027
-0.0083822
-0.00453116
0.0276095
0.00723386
0.0196873
0.0111665
0.00763006
0.0109122
0.00805255
0.0150006
0.00504395
0.0256588
0.0160324
-0.0129459
-0.00423562
0.00162843
0.00259572
0.00406096
-0.0139634
-0.0129367
0.0172503
0.0167817
0.0147662
0.0246238
0.0157911
0.0104932
0.00339452
-0.00690986
0.0053957
0.0155456
0.0151686
0.0104359
-0.00253062
0.00366101
0.0109121
0.0127092
-0.0123724
-0.00260798
0.0536414
0.0109331
0.018485
0.0107973
-0.00588189
0.0175357
0.0145204
0.0240562
0.00935113
0.0334955
0.000986391
-0.0238162
0.0087085
0.00610345
0.0158391
0.00294137
-0.0147241
-0.00670083
-0.0125921
-0.0111387
0.0229795
0.0179317
0.0177379
-0.00191143
-0.0105557
-0.023387
0.00165129
0.0475749
0.0267107
0.00956102
0.00681019
-0.0152384
0.00978909
-0.00134773
-0.0100343
-0.00486775
0.00698283
0.00856495
0.000700475
0.0102864
-0.0121881
0.0153264
-0.0145022
-0.024709
-0.0212132
0.00560062
-0.00774695
0.00405202
-0.016975
-0.0215293
-0.00258142
-0.00396414
-0.00455376
-0.00397066
-0.00108833
0.0267941
0.0141381
0.00110946
-0.0258679
0.0232231
0.00241038
0.0122359
-0.0136455
-0.0173664
0.0137971
0.00151288
0.0083298
-0.00239323
0.00229538
-0.00612185
0.0119754
-0.0177644
0.000473076
0.0188413
-0.00592281
0.0135788
-0.0198262
0.0078517
-0.00377072
0.0155945
-0.0191389
-0.00295393
0.0039376
0.0130969
-0.0093254
-0.0216484
0.00828456
0.00804211
-0.00544388
0.0105637
0.0204229
0.0122659
0.00228888
0.0134796
-0.00424875
0.0140497
-0.00765303
0.0161588
-0.00545222
-0.00318493
0.016009
0.0145657
0.0185117
-0.0189246
0.00187015
0.00605195
-0.00625611
-0.0128199
0.00524441
-0.00227208
-0.0054184
0.00567887
0.0145461
0.0245825
0.00696056
0.00971102
0.00276621
0.00467438
-0.00127427
0.00121021
0.0136406
-0.00672949
0.011395
0.023758
-0.0106773
0.000419663
-0.00236243
0.000476624
0.00209648
0.0219742
-0.00185371
-0.00474469
-0.00579882
0.0069813
-0.00587623
0.00909031
0.00803531
0.0125845
-0.00612957
-0.00942941
-0.0122509
-0.00150845
-0.0131757
-0.00572753
-0.00669349
-0.0171386
0.0123428
2.75507e-05
-0.00409475
0.00600053
-0.0100235
0.00244934
-0.0100189
0.0217591
-0.000442701
-0.0149882
-0.00098999
-0.0079382
-0.00634389
0.00677085
-0.0115508
0.0158824
0.016444
-0.00984622
-0.00564785
0.0105576
-0.0303347
0.00641768
0.0111884
0.0118929
0.00875741
0.0173511
0.0300148
-0.0114438
0.0128441
0.00633407
0.00210759
0.00840538
-0.0150942
-0.0241496
-0.0158998
-0.0119741
-0.00701011
0.0140312
-0.0101915
0.0294031
0.00127714
-0.0137572
-0.00943867
0.00780352
0.0147024
-0.00850647
-0.0051664
-0.0110928
0.0107713
-0.00595463
-0.005154
-0.0216898
0.0161181
-0.00223856
0.00544525
-0.00321929
-0.0145392
0.0163835
-0.019539
0.00864387
-0.0209768
-0.0140987
-0.014175
-0.0071903
0.000479461
-0.0206207
0.00486315
0.00613119
0.0138333
-0.0319745
0.00423856
-0.00791813
-0.00414994
-0.00825638
-0.0205524
0.00712507
-0.0108986
0.00550305
-0.0230274
0.0120145
0.00401511
-0.0128495
0.0174912
0.00936522
0.0236255
0.011085
0.00338158
-0.0225337
0.00724301
0.00755873
0.00404089
0.010656
-0.0104374
0.00191587
0.00895018
0.00915349
-0.0162456
-0.0041968
-0.00272683
-0.00191214
-4.82739e-05
-0.00288718
-0.00122235
0.00705852
0.00374505
-0.000680039
0.0265371
0.00765614
0.0144869
0.0147105
-0.0147891
-3.95356e-05
0.00841131
0.0119842
-0.00854944
0.0189486
0.00858063
-0.00581033
0.00389227
-0.0106629
0.00111798
-0.000880364
-0.00200999
0.00399741
0.00957677
-0.0043788
-0.0230458
0.00442938
-0.0114089
0.00989842
0.00994115
0.0166522
-0.00355082
-0.00294643
-0.00504332
0.022919
-0.00318057
-0.0244883
-0.00591503
-0.00419175
-0.00824902
-0.0165984
0.00199214
0.002075
-0.0283678
-0.0115331
-0.0231577
0.00356612
-0.00566114
0.0108751
-0.0215416
-0.0189899
-0.0302171
-0.789327
