0.141474
-0.0673314
-0.0019851
0.0417534
0.032461
0.0370737
0.0171471
-0.0405854
0.161557
0.17205
-0.0588453
-0.0159675
0.062468
0.00423943
0.0643629
0.00591238
-0.0298621
0.167567
-0.0614277
-0.0254793
-0.00449548
0.0643249
0.085328
0.0298405
-0.00452771
-0.00125514
-0.0617549
-0.00514336
-0.00813611
-0.015454
0.0626203
0.0718684
0.0584861
0.0122606
0.00642376
-0.0249725
0.0502954
-0.0405314
0.0120141
0.0324396
-0.000213437
0.025238
0.0144461
0.00309087
0.100906
0.0588991
-0.020595
0.0107328
0.056007
-0.0012808
0.0317355
0.0351059
0.0182316
0.0768496
0.00901804
-0.0172152
0.0210149
0.023679
0.0401951
0.0371766
0.0125509
0.0343448
0.0143782
0.00120362
-0.0206005
0.00807526
0.0399946
0.0720793
0.0254406
-0.00497262
0.0169456
0.00986153
0.0315748
-0.00842572
0.00542506
0.0492567
-0.0227607
0.0497043
0.0328131
0.00119297
0.0226576
0.13253
-0.0194685
0.00665635
0.0574325
0.00412621
0.0621447
0.018056
0.00805583
0.132704
-0.033797
0.00954735
0.0209418
0.0305302
0.0435741
0.010836
0.0172024
-0.00355835
-0.0335274
-0.0329789
-0.00284031
0.0250672
0.0263845
0.0443186
0.0289744
0.0388204
0.0531303
-0.0289221
0.10266
-0.0147951
0.0243119
0.0275255
-0.00629848
0.0284969
-0.00592527
-0.0210618
0.117165
0.107172
-0.0535539
-0.0273272
0.00650995
-0.032435
0.0128371
-0.036462
-0.0790434
0.113941
-0.0213362
0.0173173
0.0364086
-0.00874501
0.0318874
0.00589731
0.0240837
0.0572642
-0.0260976
-0.0558214
-0.0198243
-0.0365092
-0.0333984
0.00646245
-0.0360547
-0.00833795
-0.0178653
-0.0545131
0.0609404
0.0111906
-0.0271542
0.0345775
0.0132755
0.0383796
0.0120113
0.0150162
0.0756324
-0.0165208
-0.0433697
-0.0555916
0.0141485
0.00100609
-0.00796116
-0.0337439
0.00632457
0.0359788
-0.0199794
0.0639874
-0.0091656
0.0195345
0.098178
0.0364206
0.0464082
0.0710514
-0.00406184
-0.0314349
0.0295384
-0.0330868
0.0211787
0.0958621
0.0152938
-0.00375071
0.0385388
-0.00683801
-0.00883371
-0.0362701
-0.01906
0.0552026
0.00880296
0.0197095
-0.000964359
0.0403968
0.057536
0.00952602
-0.0623226
-0.040822
0.0149967
-0.032119
-0.00742867
-0.0222871
-0.00227438
0.0324944
0.00642524
0.0392663
-0.00758673
0.0352085
0.0931902
0.0207121
-0.0161056
0.0883339
0.00885265
0.00204562
0.0290346
0.015898
0.00888612
0.075648
-0.00584086
-0.0223717
0.0462149
-0.00849397
-0.00505027
-0.00106631
-0.00224457
0.0631177
-0.00163327
0.0167249
0.00655551
0.0225029
0.0240356
-0.0188566
-0.0172184
-0.0227959
0.0284336
-0.0164286
0.0177472
-0.0253162
0.0198863
0.00598004
0.0327567
0.0354769
0.0233503
0.0504043
0.0812534
0.00924988
0.00865303
0.0898741
0.0261167
-0.00679608
0.0388628
0.0109802
0.0052383
0.0306523
-0.00470686
-0.0341152
0.0619271
-0.00190211
-0.0417122
-0.0078812
-0.0106082
0.0536979
-0.00412327
0.041316
-0.00663876
0.0249028
-0.0140446
0.0218271
-0.036455
-0.034544
0.0297855
-0.0166121
0.0338103
-0.00129788
-0.0145608
0.030329
-0.00399245
0.0339453
0.0187106
0.0319103
0.0307405
0.0189245
0.00498848
0.0897386
0.0150766
-0.0422244
0.00626263
-0.0247074
0.0184044
0.0267608
-0.000145033
0.018058
0.0522007
-0.0103292
0.0225921
-0.0203418
-0.00113379
0.0677276
0.00517169
0.0317713
0.0228436
-0.00410799
0.0351121
0.04728
-0.0295099
-0.0504943
0.0444732
-0.0441146
-0.00260562
-0.00617877
-0.03568
0.0341142
0.00178458
0.0555913
0.024907
0.0365646
0.0527223
0.0360216
0.0516298
0.0693453
0.00163852
-0.0295837
0.060734
-0.011225
0.0102797
0.0162837
-0.00264077
0.0109345
0.0196617
-0.031967
0.0200247
-0.0366275
-0.0502273
0.0318185
-0.0299802
0.027523
-0.0249497
-0.0446213
0.0219684
0.0894456
-0.0468957
-0.0526575
0.0186789
-0.020074
0.0549631
-0.0185391
-0.043317
0.0605686
-0.0042008
0.0513877
-0.013299
0.0411058
0.0258585
0.00814066
0.00378897
0.0264299
0.000793977
-0.0307184
0.0371919
-0.0290638
-0.00484364
0.0253399
0.00980936
0.00438645
0.045444
-0.0141428
0.0352109
-0.0249773
0.00224385
0.0666062
0.0176561
0.0334833
-0.0159252
-0.0182742
0.0496661
0.0659253
-0.0492479
0.00490884
0.0805231
-0.00360862
0.025816
-0.0337268
-0.0510176
0.0903271
-0.00491138
0.0548825
0.00993645
0.0154265
0.0523189
0.0109341
0.0146728
0.0819473
-0.0191639
-0.0607682
0.0266882
0.0212814
0.0508933
0.0343497
-0.00860706
-0.0186406
0.0413651
-0.0594167
0.0569215
-0.0564245
-0.00835252
0.0596758
-0.000185769
0.0279323
-0.0209324
-0.0411487
0.0769166
0.096536
-0.0704108
-0.0252072
0.0391896
-0.0420124
0.0464427
-0.0332642
-0.0404243
0.128577
-0.0195418
0.0218319
0.0191108
0.0334208
0.0545943
0.0180079
0.0171867
0.0356648
-0.0535523
-0.0374762
0.0214735
0.0215048
0.0135205
0.0235598
0.00927752
-0.00331029
0.000471237
-0.0579456
0.0587246
-0.0324957
0.0106477
0.0525436
-0.0244952
0.0240861
-0.00816083
-0.0337643
0.0774565
0.0815206
-0.0381663
0.0272185
0.0471578
0.00275942
0.00657801
0.022395
-0.0331666
0.0848451
-0.0125731
0.0666492
0.0670378
0.0415922
0.0287259
0.019179
0.0493028
0.045103
-0.0381263
-0.03847
0.0445118
0.0409536
0.0219919
0.0431303
0.0165097
0.0437104
0.0636919
-0.0269082
0.107946
-0.00816783
0.0527612
0.0679256
0.0162863
0.00556222
-0.0115328
-0.0280872
0.0995914
0.138088
-0.0477261
0.0485671
0.0732324
0.0392969
0.0622478
0.00478157
-0.0622179
0.115559
-0.0420904
0.0302928
0.0312199
-0.0021846
0.0413034
0.0206415
-0.00418355
0.050507
-0.0158229
-0.0759446
0.0224836
0.0507655
0.0418465
0.0405576
0.0315864
0.00704226
0.0107838
-0.0468852
0.244304
-0.0825743
0.00100332
0.0594857
-0.00968815
0.0650351
0.00969496
-0.0700609
0.201542
0.291539
-0.11174
-0.00690671
0.0522634
-0.0302124
0.0715894
0.0153371
-0.0704402
0.276355
-0.0553569
-0.0151085
0.0248044
0.0495164
0.00469554
0.0297796
0.00714966
0.014512
-0.0401338
-0.0802208
-0.0165986
0.0142012
0.00654141
0.0110336
0.0605104
0.0493761
-0.000776226
-0.0966861
0.0137254
-0.0394353
-0.0191429
0.055976
0.0607281
0.00830918
-0.0236263
-0.018126
0.000392501
0.0588737
-0.0145273
-0.0107064
0.0313209
0.014254
0.0199236
0.026371
0.0221876
0.0380147
-0.0302393
-0.0545758
-0.0360023
0.0231982
0.000431964
0.0123207
-0.0102075
-0.0317169
-0.0306788
0.0468212
-0.0189862
-0.0143466
-0.000731373
0.00701998
0.00953497
0.00177572
-0.00341652
0.0380003
0.0524926
-0.0255623
-0.0132195
-0.0382446
-0.00221083
-0.0101106
-0.00758758
0.0269142
0.0542032
0.0460672
-0.0460721
-0.036205
-0.0284762
0.0119204
-0.0264482
-0.034181
-0.00951212
0.0546602
0.0181958
-0.0215896
0.0102845
-0.0216149
0.021235
-0.000339456
-0.0144914
-0.0425756
0.00013505
0.0443828
-0.047891
-0.0311809
-0.00809464
-0.00367996
-0.0102798
-0.0392437
-0.0486066
0.00849305
0.0134587
-0.0215545
-0.000479018
0.034996
0.0395557
-0.00306529
0.00138607
-0.00882826
0.0299102
0.00709295
-0.00596148
0.00177804
0.00180705
0.0224639
0.0218253
0.0231993
0.0438157
0.0297522
-0.015378
-0.0477823
-0.0471832
-0.0115003
0.00938021
0.0173746
-0.010468
0.0221213
-0.00652858
-0.0353646
-0.0476727
-0.013277
0.0188602
0.0246731
-0.00119658
0.0228944
0.045336
0.00249163
0.00503775
0.0076546
-0.00905094
-0.03923
0.0100482
-0.0142409
0.00728841
0.0221253
0.00404208
0.00228559
0.00995462
-0.0604781
-0.0623312
-0.0180717
-0.0299438
-0.0216058
-0.0327703
-0.0314821
-0.0388921
0.0412764
0.058457
0.0352964
0.00582666
-0.0114328
0.00576197
0.0114896
-0.0290961
0.0149647
0.093281
0.0315568
-0.038138
-0.0202906
-0.00623706
-0.0186046
-0.0401558
-0.0472245
0.0585642
0.0772033
-0.0377059
-0.0272821
0.0609526
0.011562
0.0126908
0.011056
-0.00862779
0.035068
0.0238791
-0.0815864
-0.0450284
0.0659104
-6.9536e-05
-0.00846429
-0.000689094
-0.0339497
0.0599311
0.0900238
-0.028337
-0.0209103
0.0252802
0.0302193
0.00775533
-0.00220109
-0.0513534
0.0287324
0.0211087
-0.0581391
-0.0124189
0.0334377
0.00625681
-0.0165834
-0.0316159
-0.0313971
0.0420666
0.0503874
-0.0228795
-0.0104039
0.0543367
0.00766474
0.00612811
0.0622833
0.0272919
0.0218762
0.026573
-0.00415642
-0.0202085
0.0246801
-0.0283985
-0.030363
0.0222777
0.00985756
0.00803372
0.0514014
0.0115452
0.0316459
0.0212843
0.00659899
0.00879057
0.0109502
-0.0418694
-0.0264116
0.0234946
-0.0153087
-0.0110209
0.00794301
-0.0370903
-0.00156808
-0.0119403
-0.0562994
0.021076
0.012656
-0.000356115
0.0235856
0.0280598
-0.0170936
-0.0210805
0.0371618
0.0208592
-0.000399561
-2.12108e-05
0.000531212
-0.0322278
-0.00924941
-0.0510852
-0.0264719
-0.00284452
0.00232614
0.0132571
0.0676608
-0.0110173
0.0116562
0.0354461
0.0185793
0.0246055
0.0295427
-0.0236103
0.023424
0.0555166
-0.00246186
-0.0176347
0.0262881
-0.0187535
-0.00734491
-0.0169019
0.0117935
0.0146172
-0.00718025
0.00315441
-0.00581895
-0.0112519
-0.0415656
-0.0214398
0.0363621
0.0390632
-0.0150103
-0.0100096
-0.0408273
-0.00351045
0.000462952
-0.0417795
-0.0184106
0.0313492
0.0113218
0.0446567
0.0456952
-0.00338731
-0.00907871
0.00700254
-0.0025823
0.00629618
0.0266169
0.00524759
0.0233411
0.00899387
-0.0257614
0.0150493
0.0268434
0.0272048
0.013738
0.0357628
0.0529101
-0.0187781
0.0272322
-0.0123283
0.0128902
0.0232763
0.00599162
-0.0167214
0.0159252
-0.0094098
-0.0159411
0.0333639
-0.042325
-0.0308822
-0.000994996
-0.0129955
-0.0474801
-0.0365798
-0.0325552
0.00190916
0.0182639
-0.0173439
0.0458364
0.0634455
0.0642453
0.0528259
0.0542979
0.0212335
0.00715202
-0.0136031
-0.0222345
0.0172594
0.0354029
0.0391746
-0.0265828
-0.0108364
-0.0203655
-0.00386358
0.0100626
-0.0459631
-0.0137546
-0.000418568
-0.0342571
-0.0381264
-0.017675
-0.00532415
-0.0209565
-0.00447893
-0.0512365
-0.0538946
-0.0266596
-0.0172186
-0.0265641
-0.0176071
-0.0216828
0.0228536
0.024648
-0.0382993
-2.20392e-05
0.0502584
0.0146417
-0.0658712
-0.0461698
-0.0457756
-0.00964562
-0.0100066
-0.0083619
-0.00441908
0.0261635
0.0160121
-0.0532303
-0.054052
-0.0146806
-0.0190034
0.013928
-0.0615518
-0.0660809
0.00990008
-0.0116704
-0.0177042
-0.004947
-0.0274176
-0.0475756
-0.0231771
-0.0514676
-0.0278199
-0.00148562
-0.0239744
-0.042066
-0.012549
-0.0369415
-0.0185113
-0.000489122
0.0033189
0.0114941
0.0743002
0.0542182
0.0050646
-0.00801403
-0.0254663
-0.000243069
0.0321724
-0.0100609
-0.012138
0.0699695
0.00960591
-0.0266326
-0.0338393
0.00685258
0.00317634
-0.012753
-0.029059
-0.0124801
-0.0130136
-0.0138117
-0.0355049
0.00383989
-0.038666
-0.0129113
0.00352244
-0.00621323
-0.0371924
-0.0236894
-0.034873
-0.0459787
-0.0225139
-0.0535829
0.0168478
0.0391802
0.00607023
0.00455402
0.0480673
0.0261316
-0.0368511
-0.0296929
-0.0277296
0.00665176
0.0104257
0.025602
0.0086619
0.0253893
0.0205337
-0.0283027
-0.0203774
-0.0267889
-0.00409447
0.00937017
0.0233724
-0.00816348
-0.026245
-0.0168944
-0.010363
0.0138642
-0.0138164
0.00296686
-0.0193989
-0.0308726
-0.0565562
-0.0568015
-0.0373967
-0.0311006
0.000848611
-0.00363947
-0.0178356
0.0141376
0.0367218
0.0374528
0.0195452
0.0578261
0.0284265
0.0278849
-0.0285864
0.00481458
0.0274051
0.0149281
-0.00499077
0.01501
0.0492126
0.0447335
0.0328626
0.00608305
0.0312701
-0.027433
-0.017167
-0.044822
-0.0321302
-0.00498912
0.00469871
0.0248315
0.051723
0.00813603
-0.03541
-0.0102347
-0.00852849
-0.0590941
-0.0312026
-0.0306341
-0.0144042
0.0354902
0.021529
0.0151391
0.00563548
0.014274
0.0284144
0.0383107
0.0691612
0.0399409
0.0223969
-0.0323369
-0.0372052
-0.0239249
0.000114538
-0.00907111
-0.00875751
-0.0116108
-0.0185493
-0.00920354
0.0320759
-0.0339451
0.0100693
0.036715
-0.0243496
-0.0077092
-0.0173866
-0.0098866
0.0594124
-0.030529
-0.0549612
-0.0059766
0.0259755
0.0131354
0.0318032
0.0045114
-0.0408053
-0.0106601
0.0158827
-0.0416698
-0.0252785
-0.00210522
-0.0442522
-0.0140207
-0.0294002
-0.0333589
0.0203785
-0.0366031
-0.0692905
-0.0458189
-0.0146467
-0.010169
-0.0145902
-0.00253149
-0.0601469
-0.0493883
0.00667792
-0.0117575
0.00146054
0.0648297
0.0119919
0.0132535
0.0021203
-0.0072454
-0.0100582
0.0470213
-0.0248218
0.0123441
0.0630922
0.0174095
0.0178159
-0.0297516
-0.0139781
0.0641029
0.0489559
0.00492748
0.0026775
0.0177126
0.0125701
-0.0173273
-0.0273195
-0.000263327
0.0494187
0.037095
-0.0515213
-0.0169538
0.0242552
0.0136143
0.0111265
-0.0582264
-0.028327
0.0760002
-0.0382573
-0.0354022
0.0263372
-0.00116695
-0.0172512
-0.0609831
-0.0458026
-0.0527563
-0.0448379
0.0630114
0.0501589
0.0160258
0.0184231
-0.0177896
-0.0245293
-0.0107479
-0.0134308
0.00188484
-0.0385798
0.031079
0.12814
0.113091
0.0688601
0.00138447
-0.0467138
-0.0867987
-0.062715
0.0752295
0.144586
0.162988
0.119679
0.0422594
-0.0112002
-0.00879122
-0.0132334
0.0151485
0.0355547
-0.00196236
-0.0471342
-0.03369
-0.00748571
-0.0225188
0.0123626
0.0686088
0.046018
-0.0279167
-0.0418243
0.0135658
0.0382332
0.0018295
-0.0322289
0.0213516
0.080801
0.0273904
0.108091
0.057091
0.00574239
0.0137892
-0.0103316
-0.0334777
0.0200383
0.107048
0.134842
0.0224288
0.00168162
0.0596984
0.0570846
0.00176643
-0.0235761
0.0734997
0.138757
0.105816
-0.0359528
0.104844
0.178426
0.139832
0.0170705
-0.0334294
-0.00199081
0.0407195
-0.0359762
-0.000303371
0.0989129
0.0709624
-0.0103455
-0.0615093
-0.0608819
-0.0429101
-0.034541
-0.0954446
-0.0402102
0.0761787
0.173117
0.133714
0.0174544
0.0202497
0.0691516
0.0958725
0.0132175
-0.0846281
-0.0137899
0.00116512
-0.0427606
-0.0887285
-0.047905
0.008295
0.00504872
-0.0946637
0.064737
0.130166
0.0231139
0.00542365
0.00984429
0.0212002
0.0374969
0.0513421
-0.00938849
0.0262745
0.0384199
-0.0506611
0.0124821
0.000248707
0.00520513
0.0133752
0.0302791
0.0182006
-0.00713892
0.0124713
-0.0418219
-0.0436157
-0.0265673
0.035092
0.0653629
0.0597656
-0.0353584
-0.0178765
0.00762825
-0.0328206
-0.0179126
-0.0396492
-0.0154776
0.00617253
0.0176839
0.00252431
0.00795301
0.0792562
0.0108129
0.0168283
-0.018034
-0.00989966
0.00180204
0.0565834
0.0361315
0.0487938
0.0896161
0.00825019
-0.0198371
-0.00842004
8.05081e-05
-0.00731999
0.0540337
0.00663977
0.0281361
0.0596557
-0.0163378
0.00775574
-0.0377283
-0.0344996
-0.0319711
0.0318728
0.0182032
0.0221343
0.0343064
-0.0353189
-0.0441966
-0.0328835
-0.0364948
-0.0414157
-0.0248315
-0.0306606
0.0410111
0.125354
0.025156
0.0137095
-0.0246221
0.0295077
0.00695169
0.02966
0.0200665
0.0875331
0.104487
0.00124108
-0.0136368
-0.0106068
-0.00851598
0.00923069
0.0116861
0.0365881
0.0239291
0.0260814
-0.0339111
-0.0131343
-0.0243686
0.00615973
5.76234e-05
-0.0290119
-0.0323271
0.0335802
0.0201096
-0.0178342
-0.036421
-0.0205418
-0.0149949
-0.0358992
-0.0321419
-0.0159354
0.105946
0.0929869
0.0251742
-0.00465301
0.00952021
0.0283584
0.00253885
0.0714768
0.0852404
0.06271
0.0665224
-0.0213308
-0.0139377
0.0116392
0.0352015
0.0362239
0.0967629
0.0939058
0.0214376
0.0191786
-0.0215894
-0.0135752
-0.0134195
0.0391966
-0.0180328
0.00394567
-0.045664
-0.0374753
-0.0254938
-0.0445891
-0.0590503
-0.033692
-0.000952281
-0.00896687
-0.015588
-0.0408143
0.0584
0.056911
-0.0284951
-0.0108266
-0.0147969
0.0513768
0.0529798
0.143785
0.112965
0.0618157
0.0340961
-0.0408584
-0.0145802
-0.0144597
0.0291401
0.0138756
0.0936086
0.0533911
-0.0616319
0.00662967
-0.054602
-0.0759932
-0.0566451
-0.00844358
-0.0039447
0.0267158
-0.00530312
0.0220014
0.0111784
-0.0400829
-0.0457322
-0.0408749
-0.0343152
-0.0600259
0.0253361
0.0201329
0.043497
0.0420878
-0.0315291
-0.0121158
-0.0193486
-0.0250769
-0.0676804
0.0175252
0.0247081
0.0443525
0.0383455
-0.0172395
-0.0375121
-0.00234048
-0.0194312
-0.0617708
-0.00463363
0.0292849
0.0175816
0.0233562
-0.0556272
-0.021854
-0.0406668
-0.0490734
-0.0795087
0.0259203
-0.019491
0.0305575
0.0414704
-0.00523106
-0.0531036
-0.0388386
-0.022439
-0.0344562
0.0224734
0.0301751
-0.0151711
0.043475
-0.00364549
-0.0316961
0.0289045
0.0110659
-0.0377144
0.0270151
-0.025843
-0.00862322
0.0485942
-0.0179072
-0.0119217
0.0259468
-0.000325415
-0.0197444
0.016228
0.00417693
-0.0377268
0.0735939
-0.0174359
-0.0512744
-0.015304
-0.00997687
-0.0181987
0.0254906
-0.0398674
0.00217826
0.0482447
-0.0524581
-0.0114118
0.0164707
0.00223396
-0.0122367
-0.00444917
0.00740545
-0.0313228
0.00979795
-0.0196694
-0.0243147
-0.0249342
-0.0181664
-0.0520831
-0.00962453
-0.00286082
0.0140686
0.00111141
-0.0273883
-0.0246166
-0.0464359
-0.0184083
-0.054721
-0.0138633
-0.000645336
-0.000847113
-0.0153627
-0.0641512
-0.0399621
-0.0351458
-0.00995184
-0.0429423
0.0307605
0.0202361
0.0574489
0.0193656
-0.0307837
-0.0208283
-0.00642117
-0.000608592
-0.0336476
0.0508258
0.0635665
-0.0348122
0.0173886
5.67451e-05
-0.0136201
-0.0392483
-0.0305899
-0.0266701
0.00996911
-0.0391255
-0.0304642
-0.0171294
0.0117685
-0.0265288
-0.0315316
-0.034715
-0.00810642
-0.0102141
-0.0433988
0.0533656
0.0848226
0.0572537
0.0668391
0.00677427
-0.00943588
-0.0149719
0.0503362
0.0272783
0.0609042
0.0720298
0.0745465
0.0295877
0.0315952
0.0288961
0.0106671
0.0456153
0.0123321
0.0123038
0.00266915
0.034137
0.051049
0.057456
0.0928879
0.0584578
0.0164259
0.00824878
-0.0546975
-0.0517783
-0.0170149
-0.0247588
-0.0429296
-0.0125148
-0.0322393
-0.0518375
-0.0386873
0.0817542
0.0654628
0.0610994
0.0607245
0.112807
0.140393
0.0888064
0.0594089
0.0512764
-0.0317826
-0.0634268
-0.0192752
-0.023447
0.00176971
0.0174984
-0.0172057
-0.0575936
-0.0238844
0.0332654
-0.00940612
0.0217621
0.02465
-0.0366821
0.0302288
-0.00526966
0.00104127
0.0357831
-0.0227513
-0.0437045
-0.00657326
0.00841566
-0.00205679
0.0398454
0.0406891
0.00173404
-0.010242
0.0304
-0.0317838
0.00459676
0.0133283
-0.0393002
0.0190433
0.0372972
-0.00923353
0.0449372
-0.00997003
-0.0603414
-0.0146156
0.0123446
-0.0464972
0.0296907
0.0331238
-0.0345831
-0.0144899
0.0633663
-0.0157526
-0.039852
-0.0392691
0.0310959
-0.0248152
-0.0477039
-0.00777217
0.0779321
0.0788796
-0.0652299
-0.0570573
0.00857869
0.0543915
0.019773
-0.0322488
-0.0265368
0.104044
0.0679076
0.000281625
-0.0470876
-0.0269535
0.0348098
-0.0351607
-0.0521344
-0.0442329
0.0588669
0.0839843
-0.0152116
-0.0374002
0.040655
0.0396466
-0.000969693
-0.0483612
-0.0711648
0.0710686
-0.078381
-0.0247747
0.0796069
0.0827607
0.0774269
0.0392769
0.0188403
-0.0608084
-0.0784672
-0.0338017
0.100174
0.118406
0.110193
0.0394557
0.0512669
0.0557338
-0.00729646
-0.072865
-0.0756994
-0.0556792
0.0178351
0.0374423
0.0610905
0.1015
0.0988049
-0.0441795
-0.0759005
-0.0445645
-0.00483322
0.00596927
0.0432452
0.031062
0.0907872
0.132172
0.0540379
-0.00503596
0.0739261
0.0666429
0.0176754
0.0133328
-0.0288365
-0.00923053
0.0077213
0.0753061
0.072576
0.0343277
0.0315698
0.0572025
0.0215684
-0.00323014
0.0152724
0.0601287
0.0948403
0.0566178
0.0833822
0.0764382
0.00800135
-0.0414517
-0.0305429
-0.00264216
0.0314588
0.0451037
0.0702263
0.0462198
0.103007
0.0813099
-0.026418
-0.00166967
0.00954244
0.0516388
-0.00927763
0.0139955
-0.0444604
0.0541219
0.118696
0.107074
0.0373123
0.06391
0.08935
0.0703374
-0.0175769
-0.114459
-0.0649426
-0.0518677
-0.0281252
-0.0347291
-0.0273087
0.0217798
-0.0135335
-0.0909177
-0.0148195
0.0665968
0.0824496
0.0277068
0.0253709
0.117841
0.144079
0.0492152
-0.0443263
-0.096064
-0.066267
-0.0308746
-0.0317576
-0.0296761
-0.043105
-0.020267
-0.0562059
-0.114226
-0.0477106
0.0213895
-0.0030063
-0.0035654
0.00117148
0.0250706
0.053176
0.0380522
-0.0314535
-0.0321689
-0.0201265
-0.0503946
-0.0459022
-0.0300101
-0.0300306
-0.0138377
-0.0213306
-0.0484065
-0.0237002
0.0120347
0.0205542
0.0190444
-0.0108633
-0.015758
-0.00099209
-0.021101
-0.0405149
-0.0114004
-0.00893286
-0.0285019
-0.0387403
-0.0454753
-0.0577292
-0.0756819
-0.0509449
-0.043675
-0.0222057
0.0195288
0.00894186
-0.00904677
-0.0237199
-0.0247637
-0.0198998
0.0267983
0.0100706
-0.0558513
0.000554917
-0.0152728
-0.0120206
-0.0377981
-0.0299338
-0.018947
-0.0175778
-0.0594784
0.0164191
0.00265969
-0.0220264
-0.0415657
-0.034755
-0.036399
-0.0298648
-0.01684
-0.0026317
-0.0524792
-0.0252664
-0.0184947
-0.0507579
-0.0725851
-0.0319556
-0.0115593
-0.0163312
-0.0117957
-0.0515705
-0.0053404
-0.00138525
0.022834
0.0175443
0.0389002
0.0285366
-0.0150773
-0.04833
-0.0388032
-0.0309714
-0.0335795
-0.0121711
0.0495263
0.0308472
0.0218671
-0.0181424
-0.0223397
-0.0466981
-0.00399485
0.0186473
0.0224741
0.00964276
0.00192562
0.00958213
0.0218932
-0.0450816
-0.0424495
-0.0297529
0.00642382
0.0394837
0.0532325
-0.0345396
-0.0336289
-0.0469887
-0.0508473
-0.0266361
0.00171904
0.0105989
0.0397845
0.0621662
0.0779279
0.0148448
0.0111018
-0.0348854
-0.0348401
-0.025304
-0.0374343
-0.00127649
0.0386728
0.0241236
-0.00872181
0.00536875
-0.0699725
-0.0448253
0.0206722
0.0213532
0.0814227
0.0683402
0.0218494
-0.0163311
-0.0250891
-0.0481273
-0.0680285
0.0222102
-0.00489138
-0.00343984
0.040521
-0.00970203
-0.0418291
-0.0210233
-0.0425268
-0.0580695
0.0158219
-0.0113611
-0.025767
0.00125556
-0.000691047
-0.0160948
0.0277116
-0.0314516
0.0269892
0.0762428
-0.0109502
-0.0124725
0.0182743
0.0041798
-0.00897631
0.0487112
0.0141136
-0.0251958
0.0407283
-0.0164349
0.00558661
0.00213319
-0.0308586
0.00807098
0.0371093
-0.0597764
0.0137277
0.03769
-0.0473552
-0.00566162
-0.00320358
-0.0158906
0.0115125
0.0748914
0.0151275
-0.0310812
0.043929
-0.0565562
-0.0275179
-0.0259947
-0.0166225
-0.0529608
0.00902002
-0.0422519
0.0129371
0.0611884
0.03239
-0.0284006
-0.0184308
0.00432987
-0.00280102
0.057074
0.02175
-0.0379041
-0.0146816
-0.0892816
-0.0269053
-0.02152
-0.0305521
-0.0459713
0.0168021
-0.0166127
0.0131022
0.0304549
-0.0132708
-0.0153792
-0.0276551
-0.0319191
0.0121928
0.0619227
0.0261504
-0.0312059
0.0439908
-0.0139447
-0.0442904
0.00496625
-0.0141332
-0.00043127
0.0442709
-0.0469493
-0.0112794
0.00389874
-0.0594168
-0.0237969
0.00478491
-0.0243271
-0.0241048
0.0121311
-0.0111135
-0.0248763
0.00560189
-0.0135744
-0.0367155
0.00485801
-0.0456848
-0.0122389
0.085504
-0.0278547
-0.00873657
0.0092026
-0.044825
-0.022908
-0.0103183
-0.0452788
-0.0616738
0.0133578
-0.00318288
-0.0360403
-0.00456555
-0.0465084
-0.0210164
-0.0163966
-0.0301729
-0.0546448
-0.0226175
0.00742362
0.0219505
0.0152311
-0.0387546
-0.0196736
-0.0381556
-0.0240127
-0.0335399
0.0171508
0.0344827
0.0320619
-0.00769145
-0.0841008
-0.0379468
-0.0343864
-0.0423476
-0.052416
-0.0082161
-0.0190396
0.0737909
0.0421102
-0.0513784
-0.041175
-0.0327994
-0.016012
-0.033338
0.021614
0.0497831
-0.0102233
0.0198654
-0.014148
0.0384014
-0.0186167
0.000634942
-0.0217576
0.0290136
0.00671254
0.0321451
0.0312576
-0.0182485
-0.000513857
0.0257472
0.0199652
-0.0101898
0.0339228
0.00643063
0.032407
0.00277137
-0.0569139
-0.00589865
-0.0168925
0.0458075
0.0194596
0.0345941
0.0113167
0.0311818
0.0175442
-0.0394483
0.00445425
0.0332198
-0.0167385
0.000955353
0.0213729
0.00208167
0.039695
0.0557915
0.00343143
0.0825263
0.143329
0.141223
0.0313637
0.0232044
0.0299284
-0.0671727
-0.0692983
-0.0326625
-0.0358684
0.0371327
-0.0148083
-0.0350312
-0.0702162
-0.066243
0.0419783
0.0550228
0.0179987
0.112684
0.145605
0.0616374
0.00597411
0.0112511
0.0312048
-0.0465959
-0.0660223
-0.0503637
-0.0333738
0.0258102
-0.0561142
-0.0756043
-0.104781
-0.0717772
0.0259701
-0.030347
0.020117
0.0359727
-0.00972276
0.0174386
0.036412
-0.0185037
0.0295112
-0.00503714
-0.0392237
0.00151631
0.0126636
-0.0285809
0.0335631
0.00230968
-0.024482
0.00601901
0.0264514
-0.0480701
0.00122543
0.0456482
-0.0260334
0.00660768
0.0129516
-0.0429744
0.00803869
-0.0177945
-0.0411181
0.0124339
0.0209935
-0.0252731
0.019447
-0.0135922
-0.0332817
-0.0148529
0.0601927
-0.00441652
0.00284572
0.00608586
0.00766845
0.0113413
-0.0108376
-0.0333808
0.0417971
0.0745501
-0.00225656
0.00463713
0.0312544
0.00146614
0.0315202
-0.0122804
-0.0428195
0.0745201
0.000443136
-0.0171329
-0.000967097
0.0119974
-0.0129662
0.0275622
-0.00653365
-0.0564949
0.00994588
0.0522873
-0.0147848
-0.048217
0.00555374
-0.0124042
0.0336292
0.00974908
-0.0242296
0.0834451
-0.0385311
-0.0426658
0.00670441
0.00186046
0.0500737
0.115788
0.120557
0.00511869
-0.0295263
0.0296944
0.00658403
0.0170248
0.010241
0.021431
0.0949421
0.16844
0.112794
0.0776834
-0.0294178
-0.0595594
-0.0577408
-0.0581166
-0.0132844
-0.0149767
0.0231552
-0.0545973
-0.00868785
-0.00169086
-0.0365395
-0.0175354
-0.0160583
-0.0193015
0.00334115
0.0557215
0.0363311
0.0387249
0.124591
0.121301
0.031235
-0.0200465
-0.0227098
-0.00370252
0.0371946
0.0509768
0.111165
0.100531
0.171815
0.0857817
-0.00196521
-0.00454402
0.0651949
0.0944155
0.0196092
0.0357722
0.031386
0.0421604
-0.00926208
-0.0150787
0.00194195
-0.0417209
-0.0299329
-0.018061
0.0288039
0.00629912
0.107468
0.0279188
-0.00821957
0.00945253
0.0138302
0.0248473
-0.0239193
-0.0330135
-0.00332958
0.0758404
0.0483842
0.00960821
0.00858628
0.154979
0.209797
0.0907864
-0.0518755
-0.0886211
-0.047899
-0.0346672
-0.0541541
-0.0534041
-0.0033538
0.0443681
0.0306469
-0.0484953
-0.0519752
0.0248977
-0.0233429
-0.0401984
0.0326416
0.0990921
0.187427
0.105947
-0.0170879
-0.0789669
-0.0414022
-0.0454453
-0.058531
-0.0173156
-0.00797822
0.0824673
0.111822
0.0235991
-0.0276667
0.0296409
0.02357
0.0221666
-0.0208181
-0.0507724
-0.00943039
0.038147
0.0184354
0.00276763
0.0229251
-0.0115634
-0.00422938
-0.0515467
-0.0722447
-0.0562541
-0.00698213
-0.0407476
-0.000724934
0.042816
0.0230539
0.0197996
0.034288
-0.00973909
0.0306419
0.138446
0.081767
0.00793777
0.00618835
-0.000671098
0.0169111
-0.0182943
-0.0385565
-0.0362305
0.0477787
0.0253936
0.00466496
0.0384719
-0.0254706
-0.0202559
-0.0439272
-0.0449649
-0.0307359
0.0409855
0.0176928
-0.0219996
0.0275236
-0.0248711
-0.0190804
-0.0532758
-0.0512837
-0.00970536
0.0237319
0.00272523
0.032375
0.0597444
0.012985
0.0180675
-0.0196698
-0.00470173
0.021592
0.0736164
0.0101586
0.0143521
0.0458579
-0.000358219
0.0107414
0.0093082
0.0119898
0.0410168
0.082314
0.0170572
-0.0392898
0.0344231
0.00506466
0.0178379
-0.0276759
-0.0137936
-0.0103256
0.0593598
0.00844468
-0.0425788
0.00276106
-0.0468466
-0.00477881
-0.04628
-0.0348625
-0.0228906
0.0321709
-0.000348037
0.027402
0.0391259
0.0301818
0.036067
-0.00872948
0.0255021
0.0325369
0.114491
0.0396849
-0.000191884
0.0136636
-0.0103782
0.00225912
0.00343975
-0.0355917
0.0114118
0.0705018
0.0561438
-0.0437446
0.0109652
-0.0348822
0.0435808
-0.0160637
-0.0373576
-0.00615138
0.0395828
0.00292179
-0.0335017
0.021592
-0.0336856
0.00534353
-0.0178357
-0.0811507
-0.0322015
0.014938
-0.0360496
0.0328416
0.0340802
-0.0288041
0.0263884
0.0290082
-0.0297692
0.0374478
0.0767363
0.0892926
0.117221
0.0819617
-0.00441775
0.0489284
0.0520147
-0.0311969
0.00688563
0.0485588
0.0844639
0.000500238
0.0416472
-0.0279068
0.0118779
-0.055727
-0.0741127
-0.0240537
0.0198451
-0.0577505
0.00818537
0.0408414
-0.0644186
0.0125572
-0.0362379
-0.0552554
-0.044144
-0.00621241
-0.0341198
0.101292
0.117664
0.0240098
0.0618955
0.0444993
-0.0055606
-0.00482034
0.0401922
0.0605312
0.0470074
0.101692
0.010252
0.0528169
0.0389193
0.0152858
-0.0192012
0.0309141
0.0479017
-0.00219472
0.0372787
-0.070488
-0.0048326
-0.0281445
-0.0337225
-0.058119
0.00290212
0.000311424
0.0372904
0.021817
-0.0261742
-0.0171474
-0.0279906
-0.0316323
0.00368234
0.0747724
0.0686072
0.0141592
0.0229718
-0.0375362
-0.0047968
0.0181076
-0.0100698
-0.0389034
0.0250105
0.0293113
0.0170587
0.00713384
-0.0362319
-0.0170766
-0.0141869
-0.0336645
-0.0387656
0.0339086
0.0398267
-0.0227841
0.0112733
-0.018877
-0.0158467
-0.00157028
-0.0343518
-0.0099209
0.100725
0.013196
0.0154403
0.00236195
-0.0261252
-0.00392045
0.0033954
-0.00441539
-0.0303947
0.0512147
0.0222729
-0.0114772
-6.62742e-05
-0.0295601
0.0137336
0.00739267
-0.050481
-0.0290299
0.0259729
-0.00650734
0.00763329
-0.0201679
-0.0381913
0.00271539
0.0305932
-0.00790216
-0.0297384
0.0277086
0.0225539
0.0350625
0.0173764
-0.0632399
-0.0164899
-0.0339594
-0.0218083
-0.0396958
0.0121362
0.026673
0.0746504
0.0572856
-0.0291288
-0.0116039
0.00729429
0.00239429
-0.0141861
0.0397739
0.0418011
-0.0122211
-0.0517701
-0.0815468
-0.00902485
-0.0198406
-0.0218219
-0.0339967
-0.0109453
-0.0167066
0.00653653
-0.0218506
-0.0393393
0.00350419
0.00302029
-0.0373754
-0.0395626
-0.0222094
0.00972776
0.042962
0.0650007
0.00294667
0.0111953
0.0325734
0.0835373
0.0750447
0.0777598
0.0446569
0.0144571
0.0593161
0.00241103
0.0159987
0.0210417
0.00757412
0.052543
0.0658379
0.0261739
-0.0205104
0.0194392
0.00481093
0.00652613
-0.00387823
-0.00194691
0.0156574
0.0173082
-0.0329801
-0.0413311
0.00541776
-0.0264388
-0.02526
-0.0236835
-0.0470227
-0.0324206
-0.0170407
-0.0297147
0.0582398
0.0808108
0.0548695
0.110276
0.11701
0.0613183
0.0456316
0.0780251
0.077806
-0.00205041
-0.0423968
-0.0305857
0.00715575
0.0223365
-0.0287927
-0.0411728
-0.0539456
-0.00961698
0.0349296
0.0449749
0.0358623
0.0979534
0.0756188
0.0215191
0.00478727
-0.0103159
0.0206896
-0.0366093
-0.0349549
-0.0291894
0.014102
0.0125978
-0.0402681
-0.0656772
-0.0899965
-0.033722
0.061339
-0.0148866
0.00772228
0.0638582
-0.036606
0.0071399
0.0115113
-0.0265642
0.0466287
-0.00982338
-0.0151771
0.0352601
0.0532247
-0.030623
0.0362303
-0.00779328
-0.0449952
0.017582
0.0221452
0.0027683
-0.00688985
0.0309913
-0.0058382
0.0184111
0.00907552
-0.006557
0.0236585
-0.0408324
0.00529557
0.037429
0.0414445
-0.021685
0.0294934
0.0124864
-0.0252904
-0.0180144
-0.0108978
-0.0217619
-0.0246824
0.004356
-0.0115781
-0.00919577
-0.0328881
-0.0414508
-0.00628903
0.0365278
-0.0010217
-0.0335588
-0.0015627
0.00289736
-0.0253875
-0.0241181
-0.0059835
0.0538059
-0.00444268
-0.0370755
-0.0509999
0.0256956
0.089162
0.0439801
-0.0100336
0.0170729
0.0390273
0.0649491
0.00193069
0.0109667
0.0483878
0.0541483
0.030552
-0.0305738
0.0046304
0.0688186
0.0277115
-0.0283167
-0.0140818
0.0290773
0.00403459
-0.0473641
0.0104911
-0.0287579
0.0117051
0.0296971
-0.0569819
-0.0181591
0.00392639
-0.0125754
-0.0254685
-0.00189844
-0.0333694
0.045183
0.0431023
-0.00932556
-0.00758689
0.0192074
-0.00201822
-0.0276312
-0.0298757
-0.0259576
0.0285427
0.0389293
-0.0240923
-0.0101939
0.0128374
0.00919559
-0.0124997
-0.0380431
-0.0268333
0.017944
0.00122261
-0.0236358
-0.0220155
0.0233656
0.0472668
-0.0274043
-0.034009
-0.0484496
0.00932474
-0.0294458
0.0184647
0.013317
0.0131995
0.040804
0.0152712
-0.0276386
-0.0269922
-0.0230953
0.0316439
-0.00665574
0.00530379
0.00825566
0.0138939
0.0317416
0.00587228
0.00446912
0.0205956
0.0168715
0.0297311
0.0329315
0.0257516
0.0177688
0.0279202
0.000749875
-0.00989719
0.0096596
-0.029359
0.0274628
0.0167152
-0.0194393
-0.00222644
0.00161086
0.0353208
0.0510638
-0.0182577
-0.0295497
-0.00666046
0.00749668
-0.00930963
-0.0153322
-0.0229239
0.00617472
0.0859591
0.0098712
-0.00783489
0.00944936
0.0253887
-0.013442
0.0118403
-0.0196574
-0.0162078
0.000888575
-0.0109455
-0.00882822
-0.00611773
-0.0184361
-0.0168652
-0.0187232
-0.0577057
-0.0348116
0.0382682
0.0272363
-0.0160983
0.0222756
0.00218067
0.0260942
0.0169899
-0.00879714
-0.0231529
0.095023
0.0614249
-0.0357034
-0.0100621
-0.0273081
0.00106487
0.00887722
-0.0312633
-0.0726855
0.0393595
0.0297223
0.0108463
0.00296913
-0.00309569
0.0153445
0.0293529
-0.0216305
-0.0182224
0.0652987
0.0623372
0.00297397
-0.0071277
-0.0533831
-0.0325223
0.00580127
-0.0711137
-0.0657403
-0.00462469
0.0228889
-0.0229218
0.0300868
0.00424505
0.0094666
0.0146864
0.0108668
0.00949874
0.0714138
0.00131271
-0.0469003
-0.0147475
-0.00942352
-0.0114434
0.00623352
0.0306299
0.0170486
0.0293345
-0.0323155
0.0387105
0.0337287
-0.0270743
-0.00602552
0.0281444
-0.0394667
-0.0238556
0.0173511
0.0229797
-0.00233538
0.0154903
-0.00903536
-0.0101323
0.0102308
-0.0215549
-0.0472124
-0.0315096
-0.0204185
-0.00825147
0.010759
0.0154398
0.0427976
0.0261341
0.0326121
0.0108982
0.0776968
0.00422096
0.00436172
0.00790494
-0.00808321
0.012322
0.00491781
-0.0155054
-0.00130326
0.0312551
0.0425894
0.00778222
0.0376553
0.0185878
0.015046
0.0229036
0.00986391
-0.0276938
0.0119668
0.00297565
-0.0159816
0.01869
-0.0267272
-0.0195753
-0.00672418
-0.0198899
-0.0035832
-0.00625084
-0.000116778
-0.0119269
0.01986
-0.00890605
0.0197571
-0.00361077
-0.0125611
0.000266545
0.0315576
0.0479978
0.0513228
0.0233591
0.0118811
0.0540986
0.0464684
0.00248049
-0.00640148
0.0331948
0.0246633
0.0214251
0.0367187
-0.0110241
-0.0099549
-0.00596224
0.0013453
-0.00283008
-0.00295028
0.00736769
-0.00407904
0.0251791
0.0240488
-0.0166675
0.00774838
-0.0213988
-0.0265114
0.00492353
0.00111848
0.0294763
0.0362047
0.0208093
0.0771788
0.0765714
0.0520171
-0.000526539
0.0368588
0.0083884
-0.00573606
0.00453276
-0.0113509
0.0251553
0.0549737
0.0584025
0.0139186
0.0376244
0.00699421
0.00710331
0.018112
-0.0280342
-0.000982881
-9.36599e-06
-0.00706277
-0.0201443
0.0103993
-0.00773291
-0.015597
-0.0160904
-0.0520604
-0.0137337
-0.00490347
-0.00821713
-0.0219971
0.0374703
-0.01164
-0.0390087
-0.0183504
-0.017298
0.00717873
0.0593741
0.0252763
-0.020082
0.0383129
0.0174918
-0.0210888
-0.0278206
-0.0314654
0.0238942
0.0172118
0.00972131
-0.0362069
0.0365283
0.0119071
-0.0344414
0.00172343
-0.0199246
-0.00975698
-0.000603712
-0.00301164
-0.0374427
0.0183906
-0.00689281
-0.0275364
-0.0205499
-0.0286218
-0.00556874
-0.0248654
-0.0156149
-0.0617736
-0.00503403
-0.0469956
-0.0240914
0.0114475
0.0119954
0.0587622
0.0779393
0.0240165
0.00879885
0.0323224
0.022363
-0.00902934
-0.0373063
-0.00708749
0.0203444
0.0741029
0.0251213
-0.0288939
0.0305376
0.018381
-0.038518
-5.87126e-05
-0.0203339
0.00898033
0.0181737
-0.0250913
-0.0311563
0.00622693
-0.0409446
-0.0475586
-0.0153465
-0.0104638
-0.000935844
0.00173867
-0.000877901
-0.0306145
-0.0282287
-0.0409066
-0.0206198
-0.0283436
-0.0234813
0.0330418
0.0247947
0.0210903
-0.00974792
0.0412849
0.0375163
0.000365234
0.0228549
0.00394583
0.0407095
0.0102597
-0.0056646
0.0241691
0.0159779
0.0299866
-0.0254064
-0.0142169
-0.0273417
-0.00739069
-0.0176847
-0.00140571
-0.0201823
-0.012272
-0.006911
-0.0312195
-0.0043597
-0.0128846
-0.0278332
-0.0325132
-0.036218
-0.00340022
-0.0238229
-0.0219412
-0.00213416
0.0601223
0.0516702
0.0715548
0.0446799
0.0286919
0.0412228
0.0382748
0.00578308
0.012479
0.0472021
0.0341448
0.0296854
-0.0180153
-0.000832576
0.00235685
0.013172
0.0185595
-0.0301102
0.0232507
0.0105364
-0.00187033
-0.0105203
-0.0113406
-0.00163634
-0.0147253
-0.0303261
-0.0366295
-0.0261053
0.000618072
-0.0168138
-0.0466559
-0.0357242
-0.0246918
-0.0445341
-0.032649
0.0395493
0.0543694
0.0483105
0.0627417
0.0398269
0.0188654
0.0129464
-0.00784212
0.0117662
-0.0153908
-0.00781757
-0.0126395
0.000104393
-0.0123206
-0.015571
-0.0325452
-0.0477673
-0.0268817
0.0460197
0.00747194
0.0253007
0.016311
0.0168563
-0.00705998
0.0431219
-0.0155179
0.0102383
0.0205158
-0.0185558
-0.0430982
-0.0451122
-0.0276492
-0.0122702
-0.000452038
-0.0131923
0.0151134
0.0211656
-0.0118997
-0.0246384
-0.021447
-0.0361503
-0.0144685
0.00478098
-0.0198153
0.00880077
-0.0547409
-0.0388079
-0.00991006
0.00220332
-0.0130379
0.0133807
0.00234654
-0.0239347
-0.0339004
0.0587878
-0.00121256
-0.021711
-0.0162699
-0.0180228
0.0194282
0.00574584
-0.0170004
0.0434228
0.0100837
-0.0457167
-0.000379773
0.00755461
-0.0177502
0.0312582
0.0106558
-0.0227954
-0.0139087
0.00761999
-0.0284352
-0.0378768
0.0112822
0.0738383
0.0399447
6.46508e-05
-0.00178723
0.0216357
0.00301579
-0.0249653
-0.0186648
0.0386083
0.0372367
0.0430748
-0.0156528
-0.00640132
0.0285715
0.0156781
-0.0211496
0.0179807
0.0477003
-0.0153606
0.0303265
0.022432
0.0113849
-0.00492816
0.0341558
-0.0197962
0.00406761
0.0970618
-0.0218984
0.0541044
-0.007771
0.000252115
0.0618463
0.00293627
-0.0100749
-0.0122175
0.0265603
0.0121874
-0.00222289
-0.00953554
-0.0214276
-0.0064045
0.0382114
-0.012744
-0.0119131
0.0175209
0.0625815
0.0390188
0.00179342
0.00346048
0.0275769
0.0506124
-0.00914053
-0.0169162
0.0513793
-0.0334176
0.0450781
0.00810129
-0.0258921
0.00117093
0.0568717
0.0138916
0.0367326
0.021522
-0.00773575
0.0644755
0.0585554
0.00473185
0.019289
0.019033
0.0205847
0.00624018
0.00128593
0.00749751
0.0101427
0.0208505
0.0244119
0.0278039
0.00748029
0.00655706
0.0209374
0.015572
0.00893578
0.0255392
0.0036076
-0.0198561
0.00149843
0.0303755
0.0104395
0.0424299
0.0483282
-0.0457683
0.0546435
0.0613136
0.0049682
0.00822765
0.030999
0.00868111
0.0637648
0.0559436
-0.0428397
0.0486323
0.0235415
0.0125212
0.0302652
0.00414132
-0.00305243
0.0113826
-0.00112338
0.0248679
0.0162908
0.0149004
0.00249428
0.0116327
-0.00602912
-0.0096187
-0.0164828
-0.00632834
0.00540733
-0.0117269
-0.0165967
-0.0107186
0.0157265
0.0257792
-0.0258592
0.00169787
0.0322653
-0.0605396
0.0110631
0.0226161
0.0173154
0.0219139
-0.00219573
-0.0206298
-0.0430174
0.0228451
-0.0816552
0.00252064
-0.0132904
-0.0078808
-0.0126502
0.013597
0.0644244
0.027456
0.0558101
0.0621878
0.0230313
-0.0178209
0.0269945
0.0138261
-0.0167984
0.0354676
-0.0214292
-0.00437001
0.0700177
-0.0267917
-0.0492327
-0.0250885
-0.0266154
-0.0140487
0.0473223
0.000529394
0.0492443
-0.0405873
0.0389816
-0.00962138
0.00537643
-0.0175338
0.00130952
0.00764133
-0.0171782
0.0347366
-0.0435051
0.000282334
-0.0527635
-0.037267
-0.0482331
0.0086084
0.0535741
-0.0127907
0.01659
0.0773882
0.0118762
-0.0243196
0.000135464
0.0267179
-0.0111727
-0.00552055
-0.04085
0.00530349
0.0519071
0.00502582
-0.0287855
-0.0011798
0.000293155
0.0210001
0.026838
-0.00609256
0.0246656
-0.0415265
0.0179735
-0.0341729
-0.0422087
-0.0249457
-0.0143842
-0.00157817
-0.0570847
0.00405039
-0.0601401
0.0107485
-0.0597826
-0.05637
-0.0423953
-0.0045569
0.0358079
0.00753387
0.0198816
0.0731589
0.0343618
-0.00933605
0.00468629
-0.0139899
-0.01055
0.0220255
-0.0403551
-0.000109596
0.0290099
0.00846925
-0.0233126
-0.0052376
-0.0104162
0.00942348
0.0138396
-0.0372881
0.00329398
-0.0274305
0.048416
-0.0250568
-0.0243533
-0.0199153
-0.021943
0.0299709
-0.0540226
0.000898692
-0.0347539
0.044404
-0.0379421
-0.0163263
-0.030153
0.0484062
0.0566454
-0.0124193
0.0142992
0.0126606
0.0369584
-0.00620643
0.0144697
0.00232433
0.00638935
0.0352695
-0.0146401
-0.0216545
-0.00523657
-0.0189873
-0.0342027
0.00741654
-0.0140202
-0.00937763
0.0410223
-0.0417886
0.0214216
-0.0390953
0.0548183
-0.0132501
0.0233361
-0.0191894
-0.0142044
0.00586697
-0.0313718
0.024301
-0.0615536
0.00594456
-0.00372971
0.00655091
-0.0310741
0.0185149
0.0294642
-0.00867911
0.00632612
0.0204359
0.0047052
0.000916684
-0.00193947
0.00293197
-0.00120301
0.0191327
-0.0262738
-0.0220668
0.0282072
-0.00503663
-0.00675243
0.0268088
-0.0142479
0.00185913
0.0248552
-0.0271599
0.0184527
-0.0281823
0.056173
0.0189829
0.0140269
-0.0379321
0.0149712
0.0210239
-0.0549804
0.00143138
-0.0599439
0.0125887
-0.0425868
0.00147604
-0.0151933
-0.00128153
0.028644
-0.00300221
-0.00609306
0.0277531
0.030313
-0.0098703
0.023606
0.0104467
0.0341654
0.0183806
-0.0319402
-0.00965634
0.0214366
0.000220783
-0.040251
0.00779995
0.00767711
0.00224278
-0.00950478
-0.0529145
0.00251847
-0.0755453
0.0193939
-0.0334596
-0.00921802
-0.016003
-0.00676933
0.00198306
-0.0450701
-0.00361502
-0.0782076
-0.0183216
-0.0331313
-0.00492964
0.00764872
0.0170825
0.0263976
-0.0321861
0.0167863
0.0421042
0.00285278
-0.00550165
0.00240871
-0.0161724
-0.0155051
0.0164418
-0.0120221
0.00278299
0.0322382
0.0303826
0.00267156
-0.015824
-0.0313709
-0.0152945
0.0137764
-0.0234495
-0.0052043
-0.0658434
0.0348762
0.00540334
0.0136727
0.015199
-0.0434101
0.0276846
0.009129
-0.00376974
-0.0749198
0.0122228
-0.0220934
-0.00748847
-0.0259334
0.0154861
0.00858411
-0.00521455
0.0410128
0.0405129
0.0350136
0.00938033
0.00688294
-0.00532177
-0.00173037
-0.026649
-0.0438194
-0.0142211
0.0148544
0.00402393
-0.0100284
-0.021817
-0.01245
-0.00587839
0.0277296
0.00337927
0.0409093
-0.0468515
0.0270984
-0.00357187
-0.0174381
-0.0372222
-0.0380577
0.000656472
-0.0573439
0.0143152
-0.0842692
-0.0127432
-0.0374407
-0.0362955
-0.0452989
-0.00618653
0.032908
0.0216822
0.0433828
0.0464869
0.0351743
0.0273855
0.00841852
-0.0100535
-0.0152224
0.0175178
0.047537
0.00814812
0.0230591
0.0110419
0.0285674
-0.00722659
-0.000176444
-0.0270226
0.0206859
-0.00691408
0.0324648
-0.0582103
0.0539731
0.0295868
0.0114731
-0.0327361
-0.0222478
0.0310109
0.0141083
-0.00792292
-0.0606309
0.023395
0.0124335
-0.0261442
-0.0354879
0.00696632
-0.00512516
0.011074
0.0147105
0.027503
0.00746664
0.0357759
0.0175529
0.00362836
-0.00463831
-0.0381618
-0.0238563
-0.00724681
0.0347086
0.0331802
0.0121245
0.00670775
0.00374869
0.00836648
0.0377356
-0.000142763
-0.00832244
-0.038571
0.0197175
0.0375605
0.024994
-0.00408465
-0.0163869
-0.0159753
-0.00996055
0.00880307
-0.0514903
0.0356397
0.0182907
0.00531981
-0.0102195
0.0233508
-0.0489154
-0.0375871
0.00386986
0.0215351
0.0155518
-0.0137939
-0.0224998
0.022087
-0.00376404
-0.0277651
0.0113732
0.0318522
0.017688
0.00797446
-0.00626607
-0.0368768
-0.0346954
0.0361959
-0.0457631
-0.0366847
0.0199198
-0.0624401
0.049864
-0.00825508
-0.0101174
0.00691597
0.0274941
0.000403344
-0.00561524
0.0240543
-0.0759092
0.0312036
-0.0040632
-0.0309718
-0.0274275
-3.91597