0.0535939
-0.147215
-0.0553217
0.0507731
0.115471
-0.042688
0.0463583
-0.054682
0.0823208
0.104241
-0.0229452
0.0110852
0.0137869
0.111935
0.0126842
0.0852835
-0.0630924
0.130546
0.0810073
-0.0520974
-0.0431553
0.0934138
0.11035
-0.0759622
-0.0551751
-0.044653
0.0294733
0.0455554
-0.00355954
0.0781896
0.0773099
0.0789071
0.0622289
0.0900138
-0.0357438
0.0341433
0.0567726
-0.0477358
0.0374664
-0.0352117
0.0695544
-0.0384904
0.0105229
0.0173611
0.108677
0.0874885
0.0032974
0.10907
0.0791376
0.103931
0.0209187
0.11594
0.131824
0.0987935
0.0536271
-0.0674539
-0.00701261
0.00524702
0.0323626
0.0140792
0.0220798
0.0253732
0.0454795
0.0720076
0.0312989
-0.0627447
0.0210701
0.0603521
0.0863624
0.00453164
0.0219336
0.023098
0.0556817
-0.0264509
0.044487
0.0283752
0.0897569
0.0446152
0.0897536
0.0751439
0.0230698
0.104101
0.0636839
0.0594346
0.00458421
0.0522034
0.0667585
0.0835857
0.067121
0.06559
-0.0393048
-0.00915937
-0.0589791
0.0281645
0.0503235
0.0678067
0.0337765
-0.000609417
-0.0179515
-0.0308368
-0.0130248
-0.0297231
0.00788707
-0.0352596
-0.00250398
0.0524508
0.117913
-0.021675
0.0529933
0.0664052
0.0519027
-0.00827317
0.0303313
0.0584217
-0.0040105
-0.00625106
0.0586296
-0.0246546
0.0554678
-0.0822819
-0.0723403
0.0464054
-0.0130825
-0.0250619
0.0310075
-0.0466565
-0.0459149
0.0294993
0.0603546
0.0224465
-0.0169864
0.0104004
0.0113117
0.0541958
-0.0213028
-0.0432172
-0.036652
0.0112649
-0.0260649
-0.0222833
-0.0225568
-0.0342724
-0.00775165
-0.0619523
0.00821638
0.0953598
-0.0370998
-0.069425
0.145794
-0.0544819
-0.020559
0.0574736
0.0278179
-0.0707758
-0.0517831
-0.10429
-0.112355
0.0752904
-0.075593
-0.0878674
0.0298384
0.0266759
0.013822
-0.017975
-0.031412
-0.020981
0.090292
0.0495502
0.137187
0.1138
0.00180019
-0.0457761
-0.00111108
-0.0947054
-0.115961
0.0448934
0.0178421
0.00306851
0.107819
0.00336498
-0.108426
-0.0743684
-0.105351
-0.018668
0.160579
-0.00507316
-0.0429566
-0.00590489
0.00882004
-0.0149265
-0.0502928
-0.128759
0.000878832
-0.0129718
-0.0759277
-0.0266883
-0.000693787
0.024067
-0.017733
-0.0385575
-0.0587786
0.0325969
0.128266
0.0629259
-0.00410734
0.109965
0.0133299
0.0208874
0.040375
-0.0521076
0.0776005
0.0639935
-0.0575193
-0.100531
0.0750502
-0.0213978
0.0179618
0.00234401
-0.0420832
0.0735506
0.0509335
-0.0299678
-0.0221907
0.0335533
0.0441874
-0.0558071
-0.0503757
-0.0454818
0.0137951
0.0215067
-0.0219421
-0.136827
0.0546497
0.0160808
0.0530912
0.0470102
0.0013369
0.0757566
0.0962531
0.00892648
-0.0281912
0.108668
-0.0343933
-0.0709237
-0.0600478
-0.027123
-0.00707467
-0.0163702
0.0133679
-0.103136
0.0490658
-0.0573245
-0.0273108
0.0104223
-0.0834067
0.036865
0.0610834
0.0132275
-0.0780953
0.0377472
-0.0341325
-0.0609653
-0.0421212
-0.0798218
-0.00125973
-0.030455
-0.0123649
-0.0631239
0.0478957
-0.0460207
0.0857657
0.0252108
0.029881
0.103146
0.0706004
0.0452054
-0.0442665
0.131465
0.0838649
0.0216459
-0.0021228
-0.0368635
-0.0207494
-0.0382996
-0.015306
0.0268971
0.118674
-0.0604347
-0.0278502
-0.0477507
0.0487874
0.0635096
0.0349479
0.014674
0.0011789
0.0437961
0.00203682
-0.0395861
-0.0107269
0.00643706
0.029965
-0.0341851
-0.0196031
-0.0121915
-0.00437
-0.0254945
0.0264632
-0.0163251
0.00646517
-0.0192973
0.00478712
0.0496237
0.0380911
0.0726572
0.0575812
-0.0374155
0.0164861
-0.00845286
0.0399683
-0.0818548
0.0263887
-0.0402661
-0.0274467
-0.0407152
0.00105096
-0.0474123
-0.0673317
0.00870435
-0.0219254
0.00135351
-0.0305697
-0.0297552
-0.0288778
-0.0121071
-0.0482853
-0.0906625
-0.0996963
-0.0366516
-0.000888112
-0.0682667
-0.0186615
-0.0362764
-0.0140829
0.0187424
-0.0207583
0.0914517
-0.0354729
0.0539678
0.0419898
0.0130192
-0.0338435
-0.12202
0.0683092
-0.0371565
0.00955848
0.00505686
0.0565929
0.00390764
0.0280849
-0.055181
-0.0371162
-0.0283557
-0.0442046
-0.0103195
0.0188347
-0.00849525
-0.0941925
-0.0126939
-0.0213337
-0.101908
-0.0784443
0.00243644
-0.0040961
0.0120255
-0.0645229
-0.105938
-0.0246475
-0.021997
-0.0740193
0.0728589
0.000887514
0.00997662
0.0084678
0.0373033
-0.0290513
0.0357334
-0.0439369
-0.120145
0.0317655
-0.00276016
0.108246
0.0509073
-0.00330179
-0.0512382
0.00504785
-0.0566412
-0.00599416
-0.053419
-0.0122139
0.0129132
0.00991761
-0.00756988
-0.0619312
-0.00224549
0.0198756
-0.0201884
-0.0697554
-0.0660152
-0.0334911
-0.0891012
-0.0337144
-0.0740689
-0.0224805
-0.0615995
0.00277752
-0.0572334
-0.0479247
0.0751855
0.00277279
0.0421194
0.031005
0.0527845
0.0395468
-0.0300685
-0.0385174
-0.027924
-0.0287533
0.0153128
0.0218695
-0.0198983
0.00250679
-0.102587
-0.0478574
-0.0288722
0.00385063
0.0111224
0.00829219
-0.0482298
-0.045036
-0.037131
-0.0698801
-0.110023
-0.00269209
0.00185384
-0.0592105
-0.0610505
-0.0845805
-0.045276
0.000890329
-0.0587502
-0.00268603
-0.0159119
0.0363186
0.0549317
0.0730033
0.00553333
0.0640041
0.0184774
-0.0057628
-0.0321088
0.00425161
0.0116652
-0.00144864
0.0225374
-0.0336708
0.069832
-0.00422324
-0.00889401
-0.0794339
0.0519973
0.060652
0.0413349
0.00144033
-0.0958524
-0.0396473
0.0423211
0.0175046
-0.044879
-0.00759734
0.0201117
0.0467362
0.0901117
-0.0786919
-0.0468248
-0.0508014
-0.00399384
-0.0534633
0.0108572
-0.0359933
-0.0709791
0.0355155
0.0268039
0.0347153
0.0179039
0.0547127
0.00962048
-0.0318022
0.0586443
0.0233061
0.0163314
-0.0561668
-0.102454
-0.0830219
0.0729132
-0.0197259
-0.0261963
-0.0248533
-0.0462759
0.00148853
0.0551419
-0.0127086
-0.019489
0.0637359
0.0500229
-0.030098
0.00876216
-0.0247424
-0.0550489
0.00174035
-0.0333367
0.0152499
0.116638
-0.00132345
-0.0660845
0.0568717
-0.000689525
-0.0440235
0.0945021
-0.0422268
-0.0536098
0.0177953
0.0256139
-0.110754
-0.00877791
-0.010995
-0.103803
0.0310346
-0.0210574
-0.0737172
0.0514671
0.105814
-0.0861797
-0.0289211
0.010922
0.145515
-0.00224321
-0.0581803
-0.0739074
0.0570126
0.12937
-0.0498665
0.101824
0.0502865
0.125156
0.0917504
0.0640498
0.0152339
0.0946056
0.0610663
-0.14267
-0.029267
0.0276217
0.0216415
-0.000958488
-0.0423136
-0.0986651
0.0432224
0.0587203
-0.0483885
0.0631925
0.024438
-0.0360688
0.00938737
0.0428999
-0.0102741
0.0815689
0.0875117
-0.131914
0.00816055
-0.0145216
0.0295268
0.0361594
-0.00209129
0.0224669
0.0962329
0.0941212
-0.0292476
-0.0781519
-0.0220308
-0.00202567
0.0109473
-0.0144233
0.0283856
0.118824
0.00728798
-0.10346
0.0756122
-0.0204966
0.00444177
0.0160935
-0.0489316
-0.0875824
-0.00767421
0.0886238
0.0609812
0.0656589
0.00732982
0.0355841
-0.0387435
-0.0249006
-0.0677107
0.0993922
-0.0106608
0.01383
-0.0728908
0.00747184
0.106214
-0.0287866
0.0238352
-0.0327465
0.0213701
0.0383729
0.0245099
-0.0429682
-0.0289514
0.0532737
0.0149902
0.0499873
0.129387
0.0939187
0.0429239
-0.0335919
-0.0680949
0.011258
0.172905
-0.0343073
-0.0625523
-0.0181311
0.117269
-0.061276
-0.0867791
-0.0342987
0.0468494
0.0816142
0.0353877
0.0183388
0.113219
0.0326184
-0.048263
0.0175241
-0.0179641
-0.104645
-0.00330042
0.000229344
0.0145729
-0.0213298
-0.0260292
-0.00987351
0.0427387
-0.0210332
-0.0799406
0.0261496
-0.0211167
-0.0696491
-0.134535
-0.0686188
-0.00609341
0.0825145
0.156125
0.00246531
0.00888425
-0.04153
0.0205485
0.0527795
-0.0308779
0.0281758
0.139391
0.0764105
-0.0362763
-0.030151
-0.0404154
-0.0136069
-0.062272
-0.0273822
0.135776
0.152358
-0.0539292
-0.11176
0.0215713
0.0114648
-0.0526494
-0.0659517
-0.0274918
0.118123
0.174041
-0.0613704
-0.110035
-0.0135162
-0.0174592
-0.0857744
-0.0446991
-0.0610612
0.105598
0.208068
-0.0917495
0.000709622
0.0357937
0.0721511
0.0222174
0.0182774
-0.00790785
0.0148955
0.1452
-0.0642583
0.029904
-0.00180181
-0.0140153
-0.0417113
-0.0037053
-0.0909048
0.0952071
0.0884552
-0.0265175
-0.0301673
0.0256245
0.0356382
-0.0381788
0.0143338
0.0225698
0.0287212
0.0100193
-0.0633226
0.0433841
0.0700181
-0.0470572
-0.0731891
0.0263046
0.0310638
0.0664834
0.109132
-0.0163081
0.0291031
0.0289511
0.0804025
0.0696931
0.0679773
0.0060864
0.00416589
0.0892673
-0.0312365
0.0270015
0.0116873
-0.0163159
0.00461016
0.00851359
-0.0354422
0.0357199
0.00429766
-0.0197008
-0.00879793
0.0960799
0.0154422
-0.0392371
0.0730859
0.0606126
0.000131683
-0.00798222
0.0239926
-0.0608439
-0.0274343
-0.0547552
-0.0413131
0.0355976
0.0305534
0.0298143
0.148605
0.0176679
0.0294526
0.0489824
0.0102692
0.0281166
0.0826709
0.0273215
-0.0123769
0.117602
0.0380206
-0.0330975
0.00524958
-0.0246051
0.0269145
0.0539999
-0.101335
0.0638544
-0.01818
0.022595
0.0357313
0.0104285
-0.041534
-0.0404303
0.0164357
0.0832668
0.000461383
-0.0530809
-0.0853622
-0.00161012
-0.0216372
-0.0178335
0.0385964
0.0849888
-0.0172522
0.0862513
0.109951
0.0917764
0.0849835
0.0764649
0.055805
0.0269352
0.0999691
0.0907033
0.066672
0.0587301
-0.0224784
0.0777232
0.124084
0.126293
-0.000841998
0.0147778
0.0916599
-0.00298402
-0.0646645
-0.070573
0.000209517
0.0221021
-0.0215881
-0.0860251
-0.0228484
0.00401876
0.0095666
-0.0207398
-0.0463514
-0.00759423
-0.0137739
-0.0455936
-0.132847
-0.0867141
-0.036544
0.0114287
0.0328789
-0.0439298
0.0614296
0.177109
0.103853
0.0132914
0.100676
0.124508
-0.0447671
0.0904914
0.0458931
0.111679
0.0858754
0.0476758
0.00167188
0.023598
-0.0380885
0.0312627
-0.0191903
-0.0569892
-0.0236511
-0.0651903
-0.0559936
-0.0709731
-0.0330181
-0.047191
-0.025663
0.0132407
-0.0923067
-0.0551823
-0.0471286
-0.033809
-0.0671948
0.0118391
-0.0932674
0.0164286
0.0378987
-0.00661568
0.0779639
0.0724657
0.0470635
-0.0252344
-0.0169683
-0.0806887
0.0603089
0.105271
-0.0661176
0.0297735
0.0262183
0.0191386
-0.0847937
-0.0632242
-0.135706
-0.0764449
0.009319
-0.0809515
-0.101979
-0.0520402
0.0141315
-0.0780041
-0.0188512
-0.0750938
-0.101363
-0.0521236
-0.0994406
-0.00133607
-0.0634262
-0.0417855
-0.123737
-0.0283274
-0.060575
0.0583007
0.0760428
-0.0646259
0.00802447
0.115801
0.123322
0.0197846
-0.00272378
0.0585075
-0.0467448
0.0514806
-0.00262543
0.112534
0.0989372
0.0978509
-0.0465926
-0.0110243
-0.0700231
0.0308891
-0.0256555
-0.0767145
0.00317444
-0.107835
-0.0231427
-0.110896
-0.0102477
0.0311602
-0.0496483
0.0228183
0.00550006
-0.0842786
-0.146855
-0.0771976
-0.133427
-0.0452551
-0.0991421
0.0258886
0.0346928
0.0466402
0.116882
0.0964727
0.108578
-0.0144873
0.0429976
-0.0676315
0.00133258
0.143316
0.0757434
0.091662
0.0567493
0.113256
-0.0110649
0.0206216
-0.114848
-0.0749214
-0.0286429
-0.0127564
-0.0694603
-0.101017
-0.041135
-0.0221478
-0.0127394
-0.0748039
-0.10556
-0.0762211
-0.0998839
-0.11454
-0.120739
-0.094128
-0.0714659
-0.0405454
-0.0612708
0.0422112
0.0768811
0.0409926
0.126637
0.146838
0.217618
0.125253
0.184318
-0.00166402
0.00237777
0.0144548
0.0350942
0.026547
0.0171674
0.0537401
0.0294417
0.113239
-0.0148546
-0.0161133
-0.00185554
-0.0170855
-0.0543575
-0.053021
0.0526038
-0.0358295
-0.000342868
0.00136077
-0.0443607
-0.0422843
0.0328129
-0.0548084
-0.101978
-0.0720628
-0.107411
-0.0236695
0.102785
-0.00274783
-0.0324248
0.0230896
0.0283587
0.103488
0.195804
0.10252
0.0803993
0.0552555
-0.132509
-0.143954
0.00313587
-0.0338707
0.00894669
0.0540616
-0.00497325
-0.0118911
0.000282919
-0.0390156
-0.048987
0.0216452
-0.0138291
-0.0185042
0.0186935
-0.0245006
0.0229168
0.0819646
0.0330915
-0.1063
0.0247392
0.0534439
-0.0240482
-0.0324364
-0.00555245
-0.0801
0.0281154
0.0423574
0.01859
0.0490212
-0.0143825
-0.0152685
0.0204419
-0.0500866
0.0424411
0.0761182
0.0495047
-0.0602055
-0.00426026
0.131335
-0.0143874
-0.0195881
-0.0404415
-0.12425
0.00284353
-0.0504278
-0.0912148
0.00734346
0.0938885
0.118003
0.00472295
0.00444378
-0.0798492
-0.0361374
0.0449091
-0.0224648
0.0468107
0.0524087
0.0215721
-0.0460343
-0.0119793
-0.0274878
0.13621
0.0881215
-0.0780205
0.00486459
-0.0159884
0.0102445
-0.0346352
-0.0230424
-0.0869266
0.0665513
0.057858
-0.126408
0.0230747
0.073374
0.0752543
0.0494376
-0.0224103
-0.0997824
0.14488
-0.0657052
-0.0785548
0.0283022
-0.000529604
-0.046699
-0.118228
-0.122465
-0.153657
-0.0296913
0.080782
0.135126
0.115057
0.0474067
0.0137602
-0.0585298
-0.0153781
-0.0554112
0.0249106
-0.0287079
0.0276098
0.238362
0.223474
0.103065
-0.0691907
-0.10132
-0.201983
-0.0504056
0.271631
0.36987
0.345405
0.290958
0.0564971
0.0412574
0.0750588
-0.0273784
-0.00843431
0.073682
0.0165388
-0.0940296
-0.0957436
0.0147434
-0.0712856
-0.0346074
0.114389
0.137526
-0.0638545
-0.0631034
0.00819548
0.116225
0.00505133
-0.0760275
0.0669566
0.257239
0.090379
0.288263
0.131654
-0.0531261
-0.021372
-0.0344223
-0.0625568
0.0389967
0.18391
0.260166
0.0337446
0.0186046
0.190776
0.181605
0.00343634
-0.0303678
0.19683
0.353782
0.249685
-0.0322265
0.289724
0.430916
0.307784
0.0233527
-0.098774
-0.00685245
0.0894524
-0.0815069
0.0279249
0.248068
0.173385
0.062318
-0.104324
-0.166533
-0.131979
-0.0853158
-0.192715
-0.135364
0.222402
0.392196
0.265977
-0.0123165
0.0101618
0.133799
0.120183
-0.0485295
-0.0791527
0.0703601
0.00387723
-0.0612681
-0.150152
-0.114065
-0.0855653
-0.0742933
-0.161155
0.132141
0.256914
0.0569775
0.0686191
-0.00602904
-0.00794563
0.0479957
0.0669516
-0.0192684
0.0620631
0.13451
-0.063815
-0.0029837
-0.0348297
0.00753992
0.0389561
0.114643
0.0166997
0.00827819
-0.0074916
-0.117126
-0.106506
-0.103539
-0.0499411
-0.000765619
0.0302377
-0.0475927
-0.0730269
-0.0582501
-0.131563
-0.106397
-0.193937
-0.0997368
-0.0791891
0.000463178
-0.000661382
0.158539
0.085612
-0.0766009
-0.0801527
-0.0616407
0.0188258
-0.000729908
0.0684089
0.0384376
0.202749
0.220288
-0.00526101
0.0145243
-0.0633162
0.0286506
0.0567374
0.121716
0.038372
0.0355547
-0.0266291
-0.102801
-0.0652628
-0.110664
-0.0898842
-0.101037
0.00810527
0.00595239
0.0261772
-0.0170574
-0.10898
-0.0800499
-0.11272
-0.0618565
-0.0610371
0.0159704
-0.0592361
0.0941073
0.228586
0.0326338
0.0677299
-0.0900352
0.0101787
0.0193169
0.0862836
-0.0143001
0.109549
0.166125
-0.0243454
-0.0331007
-0.0423663
0.0121239
-0.00615046
0.0695419
0.0301528
0.0178796
0.0278167
-0.0556115
-0.00896244
-0.0497149
0.0751028
0.0177528
0.058899
-0.0798143
0.0364764
-0.00373833
-0.0889457
-0.0642944
-0.0806828
0.035677
-0.0713194
-0.0072191
-0.0956667
0.178861
0.149117
0.0207003
-0.0501712
-0.0499262
0.0157014
-0.099069
0.0645619
0.153295
0.188208
0.116899
-0.0117851
-0.0222516
-0.0190532
0.102712
-0.00727029
0.116642
0.147969
0.0777189
0.0240001
-0.053618
-0.0197289
0.0137618
0.0674004
-0.065254
0.0572618
-0.0240498
-0.140186
-0.0207499
-0.0462197
-0.0468863
-0.0184206
0.0772273
-0.0485288
0.01529
-0.196395
0.108171
0.0379586
-0.0943521
-0.0798438
-0.0338344
0.110813
0.0223737
0.127033
0.216139
0.0291879
0.00466472
-0.102743
-0.0485413
-0.00346306
0.0865227
0.0225155
0.0963605
0.171808
-0.0927239
0.000459174
-0.11723
-0.122101
-0.155475
0.0721819
-0.0529785
0.0377994
0.0515088
-0.0380231
0.0387065
-0.152507
-0.086965
-0.0202156
0.0411893
-0.15178
0.0157765
0.102493
0.00750042
0.0172181
-0.0682898
-0.023976
-0.0659898
-0.0431759
-0.0806498
0.00666633
0.0333348
0.0709362
0.0823106
-0.065779
-0.0669884
-0.0698402
-0.0650802
-0.141451
-0.0239324
0.064853
0.00883263
0.0925108
-0.0755758
-0.050677
-0.0979875
-0.0670326
-0.140563
0.0324599
0.125541
0.0176162
0.129803
-0.0408195
-0.119069
-0.14813
-0.0837686
-0.122007
0.0498814
0.0542425
-0.00390953
0.0325573
-0.127178
-0.0746149
-0.0570396
-0.0173619
-0.0802643
-0.0543389
-0.0171936
0.0288628
0.0177265
-0.0916352
0.0035779
-0.1013
-0.0265376
-0.0813141
-0.0384799
-0.000762158
0.0648665
0.196757
-0.0491916
-0.0705913
-0.0485778
-0.0104238
-0.0832865
0.036603
-0.0369685
0.0496926
0.0824116
-0.125149
-0.0612268
-0.037502
0.0065299
-0.102472
0.0256835
0.00451781
-0.0373423
-0.0113126
-0.0541207
0.000889345
-0.12389
-0.0595924
-0.124186
-0.0615164
-0.0731026
0.0244158
0.0702353
-0.0754829
-0.000757148
-0.0906135
-0.0811298
-0.0692031
0.00954394
-0.012199
0.00121273
-0.0088899
-0.083093
-0.0455266
-0.107399
-0.0569103
-0.13928
0.0902775
0.151231
0.0317598
0.177636
0.000329913
0.0515189
-0.0984407
-0.0947529
-0.0857125
0.162416
0.19336
0.00857455
0.114747
-0.0149393
0.0335238
-0.0896624
-0.0232231
0.0266357
0.0544875
-0.0353688
-0.0721046
-0.0680728
-0.0312162
-0.0593241
-0.172829
-0.158735
-0.0495638
0.0160338
-0.123859
0.138786
0.214681
0.135101
0.209924
0.0884588
0.0810401
0.0375418
0.121731
0.111031
0.106431
0.139415
0.116404
0.147868
0.0121824
0.0116075
0.0354794
0.0879431
-0.0169538
-0.0769226
-0.0823616
0.00679194
-0.024584
0.130229
0.109532
0.0985777
0.0473593
-0.043535
-0.151734
-0.179044
-0.104504
-0.134182
-0.066331
-0.0317038
-0.06839
-0.113501
-0.0698391
0.190835
0.176041
0.0773063
0.100227
0.364281
0.282919
0.126886
0.15942
0.140647
-0.112019
-0.139691
-0.0908808
-0.14107
0.0511737
-0.00263348
-0.107946
-0.0971546
-0.0528498
0.0156567
0.050312
0.0702111
-0.0296303
0.0176696
0.0833364
-0.0321138
0.00490097
0.0518667
-0.0504574
-0.0962477
-0.02526
0.0691667
0.0121392
0.053339
-0.0344328
-0.100555
-0.0629112
0.00542852
-0.0063036
0.0227026
-0.0176979
0.0327369
0.0774608
0.00777099
0.0504135
0.016481
-0.0232153
-0.0993019
-0.0229385
0.0203499
-0.083242
0.0851006
-0.0373284
-0.0646541
-0.0608695
0.136805
-0.114694
-0.0389641
-0.0714281
0.00267581
-0.0363963
-0.0984906
-0.110143
0.174891
0.176109
-0.160916
-0.0724889
0.0156714
0.23743
0.0755225
-0.0627035
-0.0730338
0.254422
0.169031
-0.0816874
-0.059139
-0.039541
0.00681777
-0.0561532
-0.0730304
-0.121764
0.123851
0.220845
-0.0554321
-0.0331043
0.0573159
0.194819
0.0401643
-0.0648076
-0.123535
0.187334
-0.0963121
-0.111921
0.124046
0.156717
0.192561
0.108956
0.0339148
-0.13032
-0.0562691
-0.0902561
0.234852
0.278123
0.267255
0.0725598
0.165651
0.223885
0.0744107
-0.210031
-0.0807534
-0.150319
0.0702383
0.10872
0.181565
0.200373
0.13572
-0.119157
-0.11132
-0.18878
0.0607462
0.205789
0.124131
0.0393021
0.29176
0.295027
0.278562
-0.018036
0.166464
0.192683
0.0190068
0.0602629
0.00235868
0.015582
0.0270723
0.11383
0.12104
0.0390735
0.0463735
0.09021
0.119197
-0.00363007
0.0222015
0.103368
0.173519
0.122597
0.189834
0.157369
0.0116073
-0.0169072
-0.000969582
0.0721381
0.0116161
0.178649
0.244861
0.18209
0.201775
0.0597253
-0.00893935
-0.0231695
0.144366
0.141145
0.0552095
0.0635359
-0.191249
0.101747
0.294149
0.264481
0.0934496
0.15284
0.197975
0.113698
-0.127228
-0.213964
-0.0200824
-0.065667
-0.0166215
-0.03937
0.0477834
0.0501727
-0.0229906
-0.202085
-0.063959
0.137218
0.225446
0.148884
0.0868713
0.270881
0.322066
0.097822
-0.185232
-0.172322
-0.0104153
0.0400865
0.041997
-0.080813
-0.0375542
-0.0480965
-0.0522208
-0.217092
-0.0662294
0.0294528
-0.0460044
-0.0525608
-0.0843294
0.028481
0.0349056
0.00828622
-0.110512
-0.112106
-0.0199829
-0.0536941
-0.0886929
-0.187995
-0.054366
-0.0501163
-0.0541972
-0.0615186
-0.108278
0.0434674
0.0401608
0.0152082
-0.121733
-0.0488028
-0.0110141
0.0325085
-0.0600955
-0.0308293
-0.0229513
-0.0685683
-0.0877525
-0.237934
-0.0917454
-0.0553832
-0.0432103
-0.118748
-0.0422184
-0.0607047
0.0119449
0.0260857
-0.0389214
-0.0164315
-0.0260203
-0.0130547
0.039201
-0.0651426
0.0112692
-0.00627711
-0.0272005
-0.111336
0.0330033
0.0239847
0.0407966
-0.105644
0.0596616
0.0119522
-0.0317944
-0.0169259
-0.0617784
0.0184158
-0.00551078
-0.0682177
-0.0319189
-0.0954548
0.0303055
-0.0489615
-0.0291462
-0.132833
-0.0478342
0.00607837
-0.0144954
-0.133582
-0.0968777
-0.0281379
0.012135
0.0665001
-0.0203907
0.133562
0.0598641
-0.00912761
-0.187802
-0.119928
-0.0634224
0.0122953
0.0714323
0.10713
0.110858
0.0656919
-0.029564
-0.162883
-0.139935
-0.0129251
0.0383301
0.0913038
-0.0508626
0.0561733
-0.0389667
-0.0628231
-0.1149
-0.142641
-0.045305
0.0159819
0.091678
0.0866329
0.0488528
-0.0574122
-0.0756577
-0.171365
-0.0261942
-0.0247758
0.0267959
0.11622
0.0878839
0.155206
0.0470955
0.0450448
-0.102141
-0.122934
-0.0482055
-0.0548483
0.0547375
0.0734645
0.0557728
-0.0820996
0.0346298
-0.209622
-0.093246
0.00379482
0.0361763
0.167424
0.0705811
0.10205
-0.0679535
0.00322807
-0.125893
-0.17497
0.0207831
-0.0769432
0.121846
0.0899716
0.047935
-0.113834
-0.0804636
-0.257168
-0.0808096
0.00680712
-0.0293028
-0.00304938
-0.111063
-0.0462886
-0.0782165
0.00770127
-0.102477
0.00121043
0.205739
-0.0324101
0.00842972
0.0194646
-0.0119797
-0.1458
0.0423361
-0.00414097
-0.0686644
-0.0243186
-0.135291
0.00125892
-0.114251
-0.0430365
-0.0169482
0.0572021
-0.160402
0.027729
0.0549834
-0.150106
0.0145087
0.023503
-0.04301
-0.049518
0.217022
-0.0315915
-0.019633
0.182326
-0.0326388
-0.00288477
0.0158756
-0.00194304
-0.0778949
0.0467416
-0.00625576
0.0892596
0.213537
0.0125468
-0.0699998
-0.0593133
-0.0188433
-0.0430627
0.117941
0.0384273
-0.0390703
0.0563611
-0.0976601
-0.02104
0.00872711
-0.0273688
-0.0511227
0.169968
0.0295579
0.0209401
0.084143
-0.0333576
-0.0361746
-0.0580825
-0.088721
0.0292771
0.270778
0.0607511
0.0747826
0.152828
-0.0390845
-0.0510178
-0.00951998
-0.0327242
-0.0873562
0.0763344
-0.0718531
0.138413
0.0781265
-0.129015
-0.0548859
-0.0564458
-0.032907
-0.111848
0.0375157
-0.0597815
-0.0915528
0.0565731
-0.0432819
-0.0304793
-0.0141314
-0.10181
-0.0138401
0.201325
-0.0153687
-0.0764117
0.0590678
-0.0783314
-0.015238
-0.0750261
-0.0946188
-0.150132
0.160507
0.0902138
0.0847324
0.0338627
-0.0914734
-0.0917062
-0.084985
-0.0511919
-0.10431
0.0104162
-0.0306491
0.0934021
0.0644852
-0.0388105
-0.0498544
-0.14794
-0.0520011
-0.021445
0.0400082
0.124208
-0.0185165
-0.0411673
-0.119517
-0.0487903
-0.0872251
-0.0845473
-0.105492
0.11252
0.107663
0.19202
0.0612891
-0.0273461
-0.0883492
-0.169998
-0.0354835
-0.00536092
0.0829795
0.0722638
0.0419453
0.0466867
0.00873902
0.0698014
0.0565248
0.0587945
0.0247708
0.0245142
0.124337
0.0560023
0.0688637
0.0386308
0.0745906
0.0226414
0.0149547
0.0634422
0.0694521
0.029319
0.117194
0.0452743
0.0324819
0.00208271
0.0204463
0.114034
0.0430389
0.0644466
0.0495902
0.0817409
0.0924025
0.0489464
0.0225294
-0.0165253
0.0758701
0.0606425
0.139544
0.0277283
0.0709304
0.0850124
0.017013
0.0905572
0.334214
0.201638
0.0982103
0.0795137
0.0869512
-0.127577
-0.13866
-0.0661007
-0.109855
0.0340682
-0.0111634
-0.0728177
-0.135257
-0.128447
0.0895625
0.0917161
0.100923
0.233854
0.344895
0.0990175
0.0200292
0.12336
0.0760619
-0.148993
-0.156346
-0.0649462
-0.0176055
0.0340428
-0.132088
-0.121012
-0.182946
-0.165607
0.0218389
-0.0275261
0.0181364
0.0200076
0.0131992
0.0803024
0.0122054
0.00298233
-0.0130707
0.059703
-0.0534528
-0.0338198
-0.00987544
-0.0686939
0.0395673
-0.0310818
-0.0573281
0.0217239
0.0415976
0.00262784
0.0481323
0.0935898
-0.00818389
0.0172457
-0.0254747
-0.0496729
-0.0239038
0.066405
-0.0630657
0.0113752
0.0558938
-0.0823779
0.02455
-0.0305942
-0.0895398
0.068515
0.0719027
-0.076108
0.00787238
-0.00785831
0.0600695
-0.0112673
-0.00285743
-0.0477289
0.0188494
0.150059
-0.0626882
-0.0198907
0.011384
0.0876045
0.0387901
-0.00966927
-0.0801296
0.0641456
-0.0136295
-0.0913552
0.0175516
0.0445947
0.0965092
0.0521995
-0.00219441
-0.0703794
-0.0159905
0.131033
-0.024926
-0.0103254
-0.0290331
0.0448916
0.0514809
0.0185817
-0.0291923
0.082993
-0.0459036
-0.157456
-0.090682
-0.0297245
0.12985
0.223205
0.242619
0.0364265
-0.0550642
0.00267413
-0.0383403
0.0644942
0.0383487
0.0381699
0.250393
0.34212
0.324339
0.188246
-0.0859984
-0.175994
-0.15317
-0.0991315
-0.0285607
-0.053047
-0.00106438
-0.0664181
-0.075093
0.0146336
-0.0755192
-0.0451037
-0.0084462
0.0177218
0.0406823
0.202953
0.157194
0.057121
0.26297
0.146578
0.0154732
-0.0505278
-0.0388134
-0.0143788
-0.0493018
0.117196
0.240984
0.264686
0.316986
0.101036
-0.0109638
-0.0136701
0.171042
0.200653
0.00267622
-0.0119003
0.183016
0.0945977
-0.0635762
-0.064738
0.0137791
-0.100328
-0.0638874
0.00380393
0.0620608
0.103491
0.268043
0.00817919
-0.0231435
0.00934422
0.0919838
0.0368133
-0.0087734
-0.0966242
-0.0271571
0.135035
0.0896273
-0.00657071
-0.032012
0.285108
0.320957
0.185127
-0.142309
-0.140486
-0.071813
-0.0857541
-0.0866168
-0.174161
0.000754327
0.0560168
0.135854
-0.0496044
-0.0770839
0.106763
-0.0440755
-0.0720908
0.0366366
0.289493
0.411271
0.274312
-0.0690033
-0.214742
-0.155786
-0.195555
-0.152096
-0.112692
0.07416
0.189913
0.268582
0.0195226
0.0101792
0.0215984
-0.00495165
-0.0436817
-0.127217
-0.0667396
-0.112752
0.0441341
0.0557831
0.0389677
0.0356642
-0.0587182
-0.0738809
-0.179656
-0.0857027
-0.152732
-0.0602232
-0.0699985
-0.00681511
0.0629426
-0.000654901
-0.0112865
-0.0228966
0.0484929
0.041408
0.236819
0.145457
0.0198996
0.120327
0.00387463
-0.00602598
-0.0591977
-0.0306722
-0.0778778
0.108347
0.0215373
0.0276565
0.0397554
-0.121829
-0.0490011
-0.099401
-0.0645361
-0.137572
-0.0372138
0.0282738
-0.0435125
0.0190704
-0.102841
-0.0567116
-0.107606
-0.0962401
-0.095656
-0.0130365
0.0308054
0.0141651
0.0584614
-0.00542972
0.0622148
-0.0332033
-0.067918
-0.0579134
0.128514
0.149903
0.0363437
0.142629
0.0433039
0.0503257
-0.0563191
0.0160614
0.0438722
0.22345
0.157226
-0.0469363
0.0300658
-0.00252883
0.0571762
-0.0752972
-0.0284859
-0.0686876
-0.00451729
0.0646604
-0.0593538
-0.0470486
-0.0736396
0.0484325
-0.134214
-0.0978934
-0.102553
0.0350985
0.0475154
-0.0382232
0.0974047
0.0476292
0.0394015
-0.0828326
0.0955297
0.0503874
0.212586
0.0964699
0.0324119
0.051677
0.0461457
0.0433009
-0.0267184
-0.0625991
-0.023019
0.188292
0.105228
0.0431319
0.0167095
-0.0842192
0.0591142
-0.105826
-0.0485548
-0.083739
0.0777591
0.0372353
-0.120473
0.00486346
-0.105209
0.0657178
-0.0752814
-0.0324565
-0.0986907
-0.0291748
-0.182933
0.148109
0.00924034
-0.0435491
0.0226688
-0.118727
-0.0401659
0.0283023
0.22539
0.205656
0.167018
0.0901992
0.0130065
0.097606
-0.0367583
-0.0193545
-0.0689484
0.0807728
0.190475
0.113122
0.0410604
-0.111872
0.0431281
-0.185486
-0.112872
-0.0879455
0.0207828
-0.152955
0.118064
-0.0110322
-0.159711
0.0215354
-0.0523215
-0.108353
-0.139104
0.0592075
-0.101226
0.201743
0.091058
-0.0188135
0.0955901
-0.0372575
-0.0944293
-0.0976317
0.0585445
0.0828718
0.129198
0.0859435
-0.00249807
0.0239844
0.0056795
-0.0629634
-0.129933
0.0385585
0.0518656
0.108399
-0.0338046
-0.126548
-0.0539934
-0.074568
-0.0473623
-0.101642
0.0749614
0.0812521
0.0765618
-0.049996
-0.128231
-0.076924
-0.113175
-0.0911866
-0.0569567
0.104772
0.0746858
0.0163005
-0.00800962
-0.0658213
-0.040191
-0.0468291
-0.0190784
-0.109977
0.0491141
0.0293103
0.0419773
-0.0577398
-0.0967064
-0.0359495
-0.0340212
-0.071493
-0.105662
0.106013
0.0634069
-0.0151863
-0.00596402
-0.0762801
-0.00352779
-0.0268385
-0.102655
-0.0268082
0.163384
0.0310351
0.0229698
0.0162435
-0.108316
-0.0231423
-0.0478997
-0.055307
-0.0646131
0.104945
0.0464286
-0.0759296
-0.0619791
-0.0904215
-0.0144552
-0.0429782
-0.11262
-0.114305
0.0317454
-0.0367749
-0.02964
-0.0661017
-0.13292
-0.0705907
-0.0844411
-0.0264054
-0.0713625
0.0455997
0.0145998
0.179893
0.0443533
-0.124647
-0.0287111
-0.107522
-0.0339374
-0.0379141
0.0254825
0.0195605
0.192457
0.139633
-0.059047
-0.0742463
-0.104119
0.00154176
0.0179743
0.130258
0.0454764
-0.0571035
-0.106972
-0.134894
-0.0651575
-0.0640689
-0.00408573
-0.0133648
0.0436874
-0.112597
-0.0570164
-0.0646997
-0.083466
-0.0416677
-0.0579554
-0.0824751
-0.0574263
0.0845225
-0.0335022
0.139809
0.132523
0.0758962
0.0753999
0.121558
0.190873
0.150508
0.212502
0.142068
0.0129849
0.0745025
0.065591
0.0170056
0.0451297
0.169507
0.102616
0.1639
0.0550506
-0.0345308
0.0862246
0.0793595
0.0397626
0.0203609
0.00395745
0.0326707
0.152359
0.0129749
-0.0810919
0.0140756
0.00440693
-0.151574
-0.113905
-0.074876
-0.00781322
-0.0274954
-0.101814
0.137557
0.140072
0.134826
0.275172
0.342511
0.0763966
0.0726861
0.198239
0.161358
-0.0418646
-0.127841
-0.0984629
0.0316904
0.109741
-0.150519
-0.0891673
-0.0713877
-0.0415335
0.00625418
0.0126665
0.105332
0.127491
0.151481
0.0149851
0.0630595
-0.0124712
-0.087784
-0.0855188
-0.119551
-0.0849357
-0.0290162
-0.0239486
-0.134273
-0.110532
-0.144133
-0.152033
0.0397276
-0.000372127
-0.0420092
0.061051
0.0190498
-0.0110619
-0.00727446
-0.0152034
0.00110229
-0.0494919
-0.080131
0.00572071
0.0841545
-0.0652315
0.0366408
-0.0267304
-0.120662
-0.0370207
0.0600658
0.0162868
-0.00617773
0.0819234
-0.0034163
0.0287051
0.0580714
0.0495999
0.0461825
-0.0490163
-0.105796
0.0227444
0.12071
0.00223597
0.0983177
-0.0301985
-0.11182
-0.0496107
0.0249893
-0.0371499
-0.0161965
0.0264349
-0.00762964
-0.0288229
-0.0624259
-0.0843986
0.0722089
0.0726395
0.0156157
0.0309197
0.0170871
-0.0379715
-0.00318561
0.0162402
-0.0282857
0.112844
-0.00132281
-0.0778486
-0.072091
0.0337224
0.121545
0.022781
-0.052755
-0.0191848
0.129893
0.054244
0.0233309
0.0402902
0.123929
0.0949549
0.0919034
0.0793589
0.00876817
0.171484
-0.00851303
-0.0801125
-0.0679628
0.0488485
0.0111227
-0.0783531
-0.00114811
-0.0344076
0.0284524
0.0769554
-0.0706953
-0.0115178
-0.00853884
-0.0166279
-0.0416386
0.054005
0.0285916
0.0292185
0.0500313
-0.00685718
-0.0163261
0.0778022
0.0404281
-0.0121644
0.00360915
-0.0632244
0.0951673
0.12877
-0.00969162
0.0103118
0.0518089
-0.00934659
-0.0164453
-0.0484935
-0.0434324
0.105148
0.0804664
-0.0461521
-0.0397549
-0.0148552
0.130968
-0.0151795
-0.065719
-0.0401637
0.0184979
0.0243967
0.0806726
0.00174825
0.0705375
0.0881952
-0.00508353
-0.0655086
-0.0826617
-0.077806
0.0145345
-0.0875689
0.010965
-0.00871319
0.101105
0.0242077
-0.0670838
0.0200781
0.00593133
0.0539892
0.0753814
0.0204923
0.0224259
0.0401107
-0.00144876
-0.00419115
0.0636765
0.0250693
0.0243454
0.0587941
-0.00822953
-0.0124244
0.0422493
-0.0175492
0.0595816
0.0381889
-0.0183036
-0.0430892
-0.044222
-0.0243272
0.0226487
0.00203751
0.0119703
0.044392
0.121692
0.0360271
-0.0259925
-0.00198226
0.0204634
-0.0263906
-0.00191243
-0.0933467
-0.0359515
-0.0098818
-0.0684844
-0.046663
-0.0995574
-0.0420643
0.0260908
0.00909005
-0.0713855
-0.000422313
0.0176664
0.027564
0.0130828
0.0405289
0.0238752
0.053373
0.0250063
-0.0497085
-0.124674
0.176044
0.122564
-0.0751225
0.00870451
-0.0569755
-0.0362647
-0.00876623
-0.012109
-0.0945152
0.0749073
-0.02008
-0.0268128
-0.064634
-0.0151751
0.00733758
0.00607148
-0.0931696
-0.0457533
0.132616
0.154249
-0.0165592
-0.0277239
-0.0524364
-0.0235646
-0.0235175
-0.102116
-0.12873
0.145498
0.125199
0.00438763
0.0279599
0.0517032
0.092236
0.0589002
0.023767
-0.0277735
0.0950691
0.0232894
-0.0231993
-0.032187
-0.0152784
-0.0101669
-0.0267472
0.0513718
0.0198067
0.0654445
-0.0174617
0.0102638
0.0156181
0.000797005
0.0760181
0.0190725
-0.0308303
-0.0598739
0.0924278
0.14555
0.0103583
0.030924
-0.0956271
-0.0380235
0.0253114
0.0307945
-0.0710071
0.0333072
-0.00269117
0.0316749
0.05745
0.0325989
0.00191267
0.0319458
0.0738978
0.0219806
0.0763331
0.032931
-0.0910365
0.0471814
0.0610267
-0.0100306
0.00585481
-0.0152257
0.0232353
0.105843
0.00435879
0.0610787
0.058686
-0.0311553
0.0121468
0.0856705
0.00393927
-0.0252149
-0.00188425
0.0203805
-0.000626855
0.0489744
-0.0428059
-0.0481969
-0.0481287
-0.0145119
0.0510147
-0.00901125
-0.0333386
0.0391795
0.0419645
0.0429213
0.0280953
0.0299971
0.0408135
0.00910039
0.0970323
0.103797
0.0234872
-0.00472757
0.0102732
0.104027
0.120718
0.098173
-0.0261203
0.0363841
0.0589641
0.0486502
0.0479391
-0.0388232
-0.0296212
-0.0122227
0.040716
0.0192278
-0.0228787
0.0332838
0.0185909
0.0902499
0.0380445
-0.0142451
0.0195374
0.0250962
-0.0339091
-0.0566394
-0.0164198
0.0584859
0.0463967
0.0209212
0.129118
0.199181
0.0773986
-0.00725806
0.0407484
0.0318399
0.00139251
-0.0142862
0.0186548
0.0852954
0.135475
0.111897
0.039989
0.0957594
-0.026311
-0.0345825
-0.0474999
-0.0607072
0.00471884
0.0644579
-0.0245004
-0.0548378
-0.0465724
-0.0203072
-0.0348077
-0.0939773
-0.0639972
-0.0180459
0.00562348
-0.00664811
-0.0651787
0.0069621
-0.0186015
-0.0424583
-0.0585037
-0.00324417
0.077007
0.11291
0.0992303
-0.029706
0.0559241
0.0481398
-0.0981119
-0.09358
-0.0327611
0.0521834
0.0414138
0.00392978
-0.0504748
0.159601
0.046128
-0.031141
-0.0465004
-0.0324979
-0.0242564
-0.0431135
0.0430766
-0.0940188
-0.0474279
-0.012545
-0.0659874
0.0034137
-0.0562044
-0.00728128
-0.0599836
-0.0327445
-0.0737687
0.00319015
-0.0773307
0.0581586
-0.0247107
0.0385062
0.138388
0.153999
0.0173132
-0.0147759
0.103933
0.0515983
-0.0194556
-0.034275
-0.0486734
0.0923748
0.107327
0.0607145
-0.0135507
0.0184436
-0.034808
-0.0379667
0.000215629
-0.0544019
0.0188986
-0.0144341
-0.026079
-0.02938
0.0272069
-0.062284
-0.0297094
-0.0342621
-0.102809
-0.067393
-0.0522785
0.0336029
-0.112784
-0.0696618
-0.139374
0.00910932
0.000252021
-0.0040736
0.123106
0.0934306
0.0730251
0.0322209
0.0753288
0.0379239
-0.0498518
0.018046
0.0269419
0.134815
0.0460122
0.0410698
0.0851106
0.123147
0.0132083
0.0504412
-0.00552944
-0.0899262
-0.022493
-0.0818178
0.0616521
-0.032566
-0.0106892
-0.0132347
-0.119702
-0.0461635
-0.120887
-0.0676261
-0.0867683
-0.0643457
0.0177253
0.0346962
-0.109266
0.0301387
0.140304
0.161301
0.179856
0.112819
0.105306
0.0890595
0.0773376
0.0669524
0.0214209
0.0643888
0.0979445
0.0574507
0.0278856
0.0263283
0.0798581
0.00424903
0.0084789
-0.0267947
-0.00528813
-0.0216258
-0.0749071
-0.0825134
-0.0205658
-0.0102619
-0.00115493
-0.000575721
-0.0721059
-0.0732098
-0.0488331
-0.108972
-0.0747726
-0.0886713
-0.0922244
-0.109247
-0.104303
0.079535
0.0276796
0.113934
0.187795
0.0331342
0.021437
0.0585202
-0.00212068
-0.00376984
0.0277417
-0.0312461
0.0146514
0.01616
-0.0139191
-0.044041
-0.0544423
-0.146847
-0.150166
0.0450947
0.00129563
0.0139835
0.056104
-0.0486881
-0.0477672
-0.00816874
-0.00230126
-0.0228631
0.119834
-0.0470326
-0.0881444
-0.0758525
-0.107996
-0.0323209
0.0150979
-0.0484346
-0.0396785
0.0958942
0.0135256
-0.0145812
0.0105083
-0.0303895
0.0160839
0.00111976
-0.0125066
0.00286211
0.0433369
-0.146035
-0.0194654
-0.0232753
-0.0197394
0.079444
-0.0222454
-0.0670181
0.0347653
0.115056
-0.027128
-0.0166511
0.0631572
-0.0820586
0.07432
0.0491578
-0.0446875
-0.014904
0.0740048
-0.116509
0.0510243
0.0455912
-0.0591604
0.0884076
-0.015879
-0.148902
0.0785778
0.0471025
-0.0538198
-0.0733195
-0.0360464
0.15612
0.0764994
-0.0595935
-0.0277661
0.110987
0.0375887
-0.0444687
0.0493319
0.0134553
0.069211
0.0736478
0.0551896
0.0289958
0.0937584
0.105184
-0.0442024
0.0191528
-0.00356387
0.145869
0.102861
-0.0436063
-0.127232
0.0907639
0.111198
-0.0603501
0.0967482
0.0893824
0.0706592
0.0260318
0.00584816
-0.0592206
0.123603
0.00359696
0.00299844
0.0369794
0.0204307
0.0416873
0.0102598
-0.0135998
-0.0160092
0.0258106
0.0232925
0.00298101
0.0162976
0.0665212
0.0585563
0.0123746
-0.0129713
0.0176159
0.0509087
0.0654934
-0.0442595
0.00243203
0.00307328
0.0667863
-0.0430384
0.0108239
-0.0647604
0.0407779
0.12442
0.0823778
0.0742417
0.0406589
0.0690554
0.0955635
0.127249
-0.0213208
0.0851415
-0.0417533
-0.0266695
0.0189784
0.0331738
0.00945466
-0.0123897
-0.042425
-0.0141948
-0.0354521
-0.0244087
0.0868412
0.0421295
0.0246286
-0.0110482
-0.00501707
0.0296898
0.0259748
-0.0156894
0.0451489
0.0697455
0.0867028
0.0682811
0.102389
0.0540596
0.0654847
-0.0376396
0.0136609
0.070696
0.0536375
0.0479812
0.117064
0.0546646
-0.0186926
0.0634438
0.0310654
0.0843251
-0.020611
0.0382109
-0.00692191
0.00640467
-0.0127178
6.89015e-05
0.0454141
-0.0189954
-0.0502024
0.030009
0.0109042
0.00452453
0.0257363
-0.0238845
-0.0420046
0.00172784
-0.0597837
-0.0272056
0.0657372
0.0115432
0.0126562
0.0737599
-0.00919828
-0.0491412
0.0212483
0.0645532
0.0437291
-0.0331004
0.0360579
-0.00678056
0.00936202
0.017476
-0.0640631
-0.0681294
0.0808082
-0.0277809
0.0273526
0.0639349
0.0665223
0.0567699
0.0864002
-0.00759188
-0.0201285
-0.0474116
-0.0165707
-0.016244
0.0554778
-0.0023331
0.0112003
0.0614116
-0.06285
-0.0873234
-0.093134
-0.0426783
0.00557444
0.0480986
0.0177364
0.00537361
0.148424
-0.0629801
-0.0293515
0.114435
-0.0503421
0.00565494
0.0207653
-0.0457798
-0.0473574
0.0296107
-0.0930713
-0.0441792
-0.0499003
-0.0394003
0.0130602
0.062679
0.0375874
0.0846012
0.138588
0.0486239
-0.0631981
-0.0565552
0.0188582
-0.0328561
0.0337157
-0.0704093
-0.0451405
0.0139217
0.0818442
-0.0723032
0.0238687
0.0218459
0.0260576
-0.0103395
0.00929878
0.00767351
0.151892
0.0206907
-0.097383
-0.0889411
-0.0776875
0.0233227
-0.01779
-0.0325889
-0.0818082
-0.0849299
0.0229016
-0.113682
-0.0355446
-0.0453384
-0.0286158
0.0678242
0.0111312
0.0245364
0.127219
0.0808481
-0.036078
0.0110912
0.0480355
-0.0348993
0.0339954
-0.0568201
0.00859534
-0.00427905
0.0323089
-0.013002
-0.0103814
-0.0793011
0.00833097
0.0229699
-0.013065
-0.0188163
0.0441337
0.0572988
-0.0376155
0.0194233
0.00164541
-0.0381132
0.0419065
-0.149781
-0.0451449
0.0120955
-0.00546461
-0.016472
0.00763064
-0.0749459
0.0841529
0.100201
-0.0122856
0.0655383
0.04554
0.0789042
0.0304114
0.0175201
0.0920826
-0.000374419
0.105495
0.0468691
0.0189483
-0.0265141
-0.00434682
0.00544943
0.0144448
0.0588216
-0.0333654
0.0460389
-0.104325
0.0192393
0.0184285
-0.0171217
-0.0222277
0.0469332
-0.0620296
-0.0142216
0.0873222
-0.0770611
0.0266105
-0.0430024
-0.0309242
-0.0355218
-0.0188609
-0.0497993
0.039064
0.0460864
0.0496611
0.0427546
-0.0462177
-0.0265321
0.00857011
0.0383968
0.0581876
0.038808
-0.000276101
0.0307651
-0.0326693
-0.0537456
0.0498653
-0.00945429
0.035825
-0.00264565
-0.00107462
0.0296231
-0.0148336
0.0306087
0.0244833
0.0184564
0.0328297
-0.0353444
-0.0108406
-0.0111914
-0.0018536
-0.000594653
-0.0445182
0.00298328
0.0627248
-0.0215208
-0.00305971
-0.0507083
0.0153176
0.0128281
0.0516715
0.00946267
-0.00334558
0.114423
-0.039067
-0.00267325
0.0306918
-0.0113417
0.0294946
0.0287989
0.0385557
-0.0345078
0.0914287
-0.0215665
0.0607506
-0.0622082
0.0194468
0.00668372
-0.066568
0.00870784
0.0345601
0.0243432
-0.132364
-0.0417704
-0.0206963
0.0106811
0.0150543
-0.0751739
-0.00383572
-0.0629851
-0.0288126
-0.13101
-0.0722156
-0.00579945
-0.008573
0.0378247
0.0276216
0.0494246
-0.029364
0.0959721
0.0192141
0.0610119
-0.0478751
-0.0137958
-0.00740224
-0.0222014
-0.0131376
0.00777558
0.12297
0.0294
0.0359406
-0.0778862
-0.0113314
0.000399317
-0.0609035
-0.0112207
-0.00468683
0.076331
-0.0674892
-0.056403
-0.0526568
-0.0113912
-0.0162435
-0.0471571
-0.0109909
0.0104856
0.003285
-0.0581017
-0.0769991
-0.0333068
0.0418514
0.0347854
0.0227516
0.0230477
0.00666041
0.109681
-0.00593014
-0.0485834
-0.0420321
-0.0931679
-0.00613075
-0.0254462
0.013662
0.00918556
-0.0184658
-0.056224
-0.0398938
-0.078103
0.00691276
0.059576
-0.0390133
0.01572
-0.011939
-0.00689401
-0.0309336
-0.041361
-0.0156287
-0.0460458
0.0286523
-0.0867845
-0.0323248
-0.0536459
-0.0144502
-0.0700386
-0.0866975
-0.0452078
0.0427412
0.0311751
0.081757
0.0108111
0.0637974
0.0619921
0.0286599
0.0236035
0.0672541
-0.0324878
-0.00937703
0.082659
-0.0224584
0.0512576
-0.0186239
0.0197345
-0.0199449
-0.107709
0.0318037
0.00323935
-0.0214208
-0.0425619
0.047609
0.0428286
0.0563595
-0.0187085
0.0554062
-0.0304267
0.0145528
-0.0663018
-0.0584381
-0.0373968
-0.0973916
-0.0322023
-0.0562018
-0.103814
0.0740021
0.00420677
0.0325853
0.00214309
0.0512197
-0.0127434
0.0238476
0.0633558
-0.0790559
0.0837563
-0.078989
-0.0650853
-0.0249844
0.0653581
0.0397054
0.0489547
-0.0116957
-0.039806
0.0568229
0.0592546
-0.0116581
-0.079367
-0.0420895
0.0133399
0.090512
0.100987
-0.0397426
0.0123877
-0.0750174
-0.0365544
-0.0430153
0.0921686
0.000463579
0.0285111
0.0214274
0.000128244
0.0287969
-0.0855489
-0.0483886
0.0813537
-0.0575653
0.014139
0.0345188
-0.0661949
-0.0305313
0.0296168
-0.0738463
0.0113569
0.0528391
-0.0777803
-0.0210748
-0.0551172
-0.134738
0.0303016
0.0672202
-0.0621882
-0.0582683
0.0625465
0.0289577
-0.01664
-0.0362028
-0.0161228
-0.00146097
0.140134
-0.00896182
-0.0325025
0.0033863
0.00264779
0.0335973
-0.0241199
-0.0422973
0.106662
-6.66579